seq,anomaly_score,decision
0,0.000000,ALLOW
1,0.000000,ALLOW
2,0.000000,ALLOW
3,0.000000,ALLOW
4,0.000000,ALLOW
5,0.000000,ALLOW
6,0.000000,ALLOW
7,0.000000,ALLOW
8,0.000000,ALLOW
9,0.000000,ALLOW
10,0.000000,ALLOW
11,0.000000,ALLOW
12,0.000000,ALLOW
13,0.000000,ALLOW
14,0.000000,ALLOW
15,0.000000,ALLOW
16,0.000000,ALLOW
17,0.000000,ALLOW
18,0.000000,ALLOW
19,0.000000,ALLOW
20,0.000000,ALLOW
21,0.000000,ALLOW
22,0.000000,ALLOW
23,0.000000,ALLOW
24,0.000000,ALLOW
25,0.000000,ALLOW
26,0.000000,ALLOW
27,0.000000,ALLOW
28,0.000000,ALLOW
29,0.000000,ALLOW
30,0.000000,ALLOW
31,0.000000,ALLOW
32,0.000000,ALLOW
33,0.000000,ALLOW
34,0.000000,ALLOW
35,0.000000,ALLOW
36,0.000000,ALLOW
37,0.000000,ALLOW
38,0.000000,ALLOW
39,0.000000,ALLOW
40,0.000000,ALLOW
41,0.000000,ALLOW
42,0.000000,ALLOW
43,0.000000,ALLOW
44,0.000000,ALLOW
45,0.000000,ALLOW
46,0.000000,ALLOW
47,0.000000,ALLOW
48,0.000000,ALLOW
49,0.000000,ALLOW
50,0.000000,ALLOW
51,0.000000,ALLOW
52,0.000000,ALLOW
53,0.000000,ALLOW
54,0.000000,ALLOW
55,0.000000,ALLOW
56,0.000000,ALLOW
57,0.000000,ALLOW
58,0.000000,ALLOW
59,0.000000,ALLOW
60,0.000000,ALLOW
61,0.000000,ALLOW
62,0.000000,ALLOW
63,0.000000,ALLOW
64,0.000000,ALLOW
65,0.000000,ALLOW
66,0.000000,ALLOW
67,0.000000,ALLOW
68,0.000000,ALLOW
69,0.000000,ALLOW
70,0.000000,ALLOW
71,0.000000,ALLOW
72,0.000000,ALLOW
73,0.000000,ALLOW
74,0.000000,ALLOW
75,0.000000,ALLOW
76,0.000000,ALLOW
77,0.000000,ALLOW
78,0.000000,ALLOW
79,0.000000,ALLOW
80,0.000000,ALLOW
81,0.000000,ALLOW
82,0.000000,ALLOW
83,0.000000,ALLOW
84,0.000000,ALLOW
85,0.000000,ALLOW
86,0.000000,ALLOW
87,0.000000,ALLOW
88,0.000000,ALLOW
89,0.000000,ALLOW
90,0.000000,ALLOW
91,0.000000,ALLOW
92,0.000000,ALLOW
93,0.000000,ALLOW
94,0.000000,ALLOW
95,0.000000,ALLOW
96,0.000000,ALLOW
97,0.000000,ALLOW
98,0.000000,ALLOW
99,0.000000,ALLOW
100,0.000000,ALLOW
101,0.000000,ALLOW
102,0.000000,ALLOW
103,0.000000,ALLOW
104,0.000000,ALLOW
105,0.000000,ALLOW
106,0.000000,ALLOW
107,0.000000,ALLOW
108,0.000000,ALLOW
109,0.000000,ALLOW
110,0.000000,ALLOW
111,0.000000,ALLOW
112,0.000000,ALLOW
113,0.000000,ALLOW
114,0.000000,ALLOW
115,0.000000,ALLOW
116,0.000000,ALLOW
117,0.000000,ALLOW
118,0.000000,ALLOW
119,0.000000,ALLOW
120,0.000000,ALLOW
121,0.000000,ALLOW
122,0.000000,ALLOW
123,0.000000,ALLOW
124,0.000000,ALLOW
125,0.000000,ALLOW
126,0.000000,ALLOW
127,0.000000,ALLOW
128,0.000000,ALLOW
129,0.000000,ALLOW
130,0.000000,ALLOW
131,0.000000,ALLOW
132,0.000000,ALLOW
133,0.000000,ALLOW
134,0.000000,ALLOW
135,0.000000,ALLOW
136,0.000000,ALLOW
137,0.000000,ALLOW
138,0.000000,ALLOW
139,0.000000,ALLOW
140,0.000000,ALLOW
141,0.000000,ALLOW
142,0.000000,ALLOW
143,0.000000,ALLOW
144,0.000000,ALLOW
145,0.000000,ALLOW
146,0.000000,ALLOW
147,0.000000,ALLOW
148,0.000000,ALLOW
149,0.000000,ALLOW
150,0.000000,ALLOW
151,0.000000,ALLOW
152,0.000000,ALLOW
153,0.000000,ALLOW
154,0.000000,ALLOW
155,0.000000,ALLOW
156,0.000000,ALLOW
157,0.000000,ALLOW
158,0.000000,ALLOW
159,0.000000,ALLOW
160,0.000000,ALLOW
161,0.000000,ALLOW
162,0.000000,ALLOW
163,0.000000,ALLOW
164,0.000000,ALLOW
165,0.000000,ALLOW
166,0.000000,ALLOW
167,0.000000,ALLOW
168,0.000000,ALLOW
169,0.000000,ALLOW
170,0.000000,ALLOW
171,0.000000,ALLOW
172,0.000000,ALLOW
173,0.000000,ALLOW
174,0.000000,ALLOW
175,0.000000,ALLOW
176,0.000000,ALLOW
177,0.000000,ALLOW
178,0.000000,ALLOW
179,0.000000,ALLOW
180,0.000000,ALLOW
181,0.000000,ALLOW
182,0.000000,ALLOW
183,0.000000,ALLOW
184,0.000000,ALLOW
185,0.000000,ALLOW
186,0.000000,ALLOW
187,0.000000,ALLOW
188,0.000000,ALLOW
189,0.000000,ALLOW
190,0.000000,ALLOW
191,0.000000,ALLOW
192,0.000000,ALLOW
193,0.000000,ALLOW
194,0.000000,ALLOW
195,0.000000,ALLOW
196,0.000000,ALLOW
197,0.000000,ALLOW
198,0.000000,ALLOW
199,0.000000,ALLOW
200,0.000000,ALLOW
201,0.000000,ALLOW
202,0.000000,ALLOW
203,0.000000,ALLOW
204,0.000000,ALLOW
205,0.000000,ALLOW
206,0.000000,ALLOW
207,0.000000,ALLOW
208,0.000000,ALLOW
209,0.000000,ALLOW
210,0.000000,ALLOW
211,0.000000,ALLOW
212,0.000000,ALLOW
213,0.000000,ALLOW
214,0.000000,ALLOW
215,0.000000,ALLOW
216,0.000000,ALLOW
217,0.000000,ALLOW
218,0.000000,ALLOW
219,0.000000,ALLOW
220,0.000000,ALLOW
221,0.000000,ALLOW
222,0.000000,ALLOW
223,0.000000,ALLOW
224,0.000000,ALLOW
225,0.000000,ALLOW
226,0.000000,ALLOW
227,0.000000,ALLOW
228,0.000000,ALLOW
229,0.000000,ALLOW
230,0.000000,ALLOW
231,0.000000,ALLOW
232,0.000000,ALLOW
233,0.000000,ALLOW
234,0.000000,ALLOW
235,0.000000,ALLOW
236,0.000000,ALLOW
237,0.000000,ALLOW
238,0.000000,ALLOW
239,0.000000,ALLOW
240,0.000000,ALLOW
241,0.000000,ALLOW
242,0.000000,ALLOW
243,0.000000,ALLOW
244,0.000000,ALLOW
245,0.000000,ALLOW
246,0.000000,ALLOW
247,0.000000,ALLOW
248,0.000000,ALLOW
249,0.000000,ALLOW
250,0.000000,ALLOW
251,0.000000,ALLOW
252,0.000000,ALLOW
253,0.000000,ALLOW
254,0.000000,ALLOW
255,0.000000,ALLOW
256,0.000000,ALLOW
257,0.000000,ALLOW
258,0.000000,ALLOW
259,0.000000,ALLOW
260,0.000000,ALLOW
261,0.000000,ALLOW
262,0.000000,ALLOW
263,0.000000,ALLOW
264,0.000000,ALLOW
265,0.000000,ALLOW
266,0.000000,ALLOW
267,0.000000,ALLOW
268,0.000000,ALLOW
269,0.000000,ALLOW
270,0.000000,ALLOW
271,0.000000,ALLOW
272,0.000000,ALLOW
273,0.000000,ALLOW
274,0.000000,ALLOW
275,0.000000,ALLOW
276,0.000000,ALLOW
277,0.000000,ALLOW
278,0.000000,ALLOW
279,0.000000,ALLOW
280,0.000000,ALLOW
281,0.000000,ALLOW
282,0.000000,ALLOW
283,0.000000,ALLOW
284,0.000000,ALLOW
285,0.000000,ALLOW
286,0.000000,ALLOW
287,0.000000,ALLOW
288,0.000000,ALLOW
289,0.000000,ALLOW
290,0.000000,ALLOW
291,0.000000,ALLOW
292,0.000000,ALLOW
293,0.000000,ALLOW
294,0.000000,ALLOW
295,0.000000,ALLOW
296,0.000000,ALLOW
297,0.000000,ALLOW
298,0.000000,ALLOW
299,0.000000,ALLOW
300,0.000000,ALLOW
301,0.000000,ALLOW
302,0.000000,ALLOW
303,0.000000,ALLOW
304,0.000000,ALLOW
305,0.000000,ALLOW
306,0.000000,ALLOW
307,0.000000,ALLOW
308,0.000000,ALLOW
309,0.000000,ALLOW
310,0.000000,ALLOW
311,0.000000,ALLOW
312,0.000000,ALLOW
313,0.000000,ALLOW
314,0.000000,ALLOW
315,0.000000,ALLOW
316,0.000000,ALLOW
317,0.000000,ALLOW
318,0.000000,ALLOW
319,0.000000,ALLOW
320,0.000000,ALLOW
321,0.000000,ALLOW
322,0.000000,ALLOW
323,0.000000,ALLOW
324,0.000000,ALLOW
325,0.000000,ALLOW
326,0.000000,ALLOW
327,0.000000,ALLOW
328,0.000000,ALLOW
329,0.000000,ALLOW
330,0.000000,ALLOW
331,0.000000,ALLOW
332,0.000000,ALLOW
333,0.000000,ALLOW
334,0.000000,ALLOW
335,0.000000,ALLOW
336,0.000000,ALLOW
337,0.000000,ALLOW
338,0.000000,ALLOW
339,0.000000,ALLOW
340,0.000000,ALLOW
341,0.000000,ALLOW
342,0.000000,ALLOW
343,0.000000,ALLOW
344,0.000000,ALLOW
345,0.000000,ALLOW
346,0.000000,ALLOW
347,0.000000,ALLOW
348,0.000000,ALLOW
349,0.000000,ALLOW
350,0.000000,ALLOW
351,0.000000,ALLOW
352,0.000000,ALLOW
353,0.000000,ALLOW
354,0.000000,ALLOW
355,0.000000,ALLOW
356,0.000000,ALLOW
357,0.000000,ALLOW
358,0.000000,ALLOW
359,0.000000,ALLOW
360,0.000000,ALLOW
361,0.000000,ALLOW
362,0.000000,ALLOW
363,0.000000,ALLOW
364,0.000000,ALLOW
365,0.000000,ALLOW
366,0.000000,ALLOW
367,0.000000,ALLOW
368,0.000000,ALLOW
369,0.000000,ALLOW
370,0.000000,ALLOW
371,0.000000,ALLOW
372,0.000000,ALLOW
373,0.000000,ALLOW
374,0.000000,ALLOW
375,0.000000,ALLOW
376,0.000000,ALLOW
377,0.000000,ALLOW
378,0.000000,ALLOW
379,0.000000,ALLOW
380,0.000000,ALLOW
381,0.000000,ALLOW
382,0.000000,ALLOW
383,0.000000,ALLOW
384,0.000000,ALLOW
385,0.000000,ALLOW
386,0.000000,ALLOW
387,0.000000,ALLOW
388,0.000000,ALLOW
389,0.000000,ALLOW
390,0.000000,ALLOW
391,0.000000,ALLOW
392,0.000000,ALLOW
393,0.000000,ALLOW
394,0.000000,ALLOW
395,0.000000,ALLOW
396,0.000000,ALLOW
397,0.000000,ALLOW
398,0.000000,ALLOW
399,0.000000,ALLOW
400,0.000000,ALLOW
401,0.000000,ALLOW
402,0.000000,ALLOW
403,0.000000,ALLOW
404,0.000000,ALLOW
405,0.000000,ALLOW
406,0.000000,ALLOW
407,0.000000,ALLOW
408,0.000000,ALLOW
409,0.000000,ALLOW
410,0.000000,ALLOW
411,0.000000,ALLOW
412,0.000000,ALLOW
413,0.000000,ALLOW
414,0.000000,ALLOW
415,0.000000,ALLOW
416,0.000000,ALLOW
417,0.000000,ALLOW
418,0.000000,ALLOW
419,0.000000,ALLOW
420,0.000000,ALLOW
421,0.000000,ALLOW
422,0.000000,ALLOW
423,0.000000,ALLOW
424,0.000000,ALLOW
425,0.000000,ALLOW
426,0.000000,ALLOW
427,0.000000,ALLOW
428,0.000000,ALLOW
429,0.000000,ALLOW
430,0.000000,ALLOW
431,0.000000,ALLOW
432,0.000000,ALLOW
433,0.000000,ALLOW
434,0.000000,ALLOW
435,0.000000,ALLOW
436,0.000000,ALLOW
437,0.000000,ALLOW
438,0.000000,ALLOW
439,0.000000,ALLOW
440,0.000000,ALLOW
441,0.000000,ALLOW
442,0.000000,ALLOW
443,0.000000,ALLOW
444,0.000000,ALLOW
445,0.000000,ALLOW
446,0.000000,ALLOW
447,0.000000,ALLOW
448,0.000000,ALLOW
449,0.000000,ALLOW
450,0.000000,ALLOW
451,0.000000,ALLOW
452,0.000000,ALLOW
453,0.000000,ALLOW
454,0.000000,ALLOW
455,0.000000,ALLOW
456,0.000000,ALLOW
457,0.000000,ALLOW
458,0.000000,ALLOW
459,0.000000,ALLOW
460,0.000000,ALLOW
461,0.000000,ALLOW
462,0.000000,ALLOW
463,0.000000,ALLOW
464,0.000000,ALLOW
465,0.000000,ALLOW
466,0.000000,ALLOW
467,0.000000,ALLOW
468,0.000000,ALLOW
469,0.000000,ALLOW
470,0.000000,ALLOW
471,0.000000,ALLOW
472,0.000000,ALLOW
473,0.000000,ALLOW
474,0.000000,ALLOW
475,0.000000,ALLOW
476,0.000000,ALLOW
477,0.000000,ALLOW
478,0.000000,ALLOW
479,0.000000,ALLOW
480,0.000000,ALLOW
481,0.000000,ALLOW
482,0.000000,ALLOW
483,0.000000,ALLOW
484,0.000000,ALLOW
485,0.000000,ALLOW
486,0.000000,ALLOW
487,0.000000,ALLOW
488,0.000000,ALLOW
489,0.000000,ALLOW
490,0.000000,ALLOW
491,0.000000,ALLOW
492,0.000000,ALLOW
493,0.000000,ALLOW
494,0.000000,ALLOW
495,0.000000,ALLOW
496,0.000000,ALLOW
497,0.000000,ALLOW
498,0.000000,ALLOW
499,0.000000,ALLOW
500,0.000000,ALLOW
501,0.000000,ALLOW
502,0.000000,ALLOW
503,0.000000,ALLOW
504,0.000000,ALLOW
505,0.000000,ALLOW
506,0.000000,ALLOW
507,0.000000,ALLOW
508,0.000000,ALLOW
509,0.000000,ALLOW
510,0.000000,ALLOW
511,0.000000,ALLOW
512,0.000000,ALLOW
513,0.000000,ALLOW
514,0.000000,ALLOW
515,0.000000,ALLOW
516,0.000000,ALLOW
517,0.000000,ALLOW
518,0.000000,ALLOW
519,0.000000,ALLOW
520,0.000000,ALLOW
521,0.000000,ALLOW
522,0.000000,ALLOW
523,0.000000,ALLOW
524,0.000000,ALLOW
525,0.000000,ALLOW
526,0.000000,ALLOW
527,0.000000,ALLOW
528,0.000000,ALLOW
529,0.000000,ALLOW
530,0.000000,ALLOW
531,0.000000,ALLOW
532,0.000000,ALLOW
533,0.000000,ALLOW
534,0.000000,ALLOW
535,0.000000,ALLOW
536,0.000000,ALLOW
537,0.000000,ALLOW
538,0.000000,ALLOW
539,0.000000,ALLOW
540,0.000000,ALLOW
541,0.000000,ALLOW
542,0.000000,ALLOW
543,0.000000,ALLOW
544,0.000000,ALLOW
545,0.000000,ALLOW
546,0.000000,ALLOW
547,0.000000,ALLOW
548,0.000000,ALLOW
549,0.000000,ALLOW
550,0.000000,ALLOW
551,0.000000,ALLOW
552,0.000000,ALLOW
553,0.000000,ALLOW
554,0.000000,ALLOW
555,0.000000,ALLOW
556,0.000000,ALLOW
557,0.000000,ALLOW
558,0.000000,ALLOW
559,0.000000,ALLOW
560,0.000000,ALLOW
561,0.000000,ALLOW
562,0.000000,ALLOW
563,0.000000,ALLOW
564,0.000000,ALLOW
565,0.000000,ALLOW
566,0.000000,ALLOW
567,0.000000,ALLOW
568,0.000000,ALLOW
569,0.000000,ALLOW
570,0.000000,ALLOW
571,0.000000,ALLOW
572,0.000000,ALLOW
573,0.000000,ALLOW
574,0.000000,ALLOW
575,0.000000,ALLOW
576,0.000000,ALLOW
577,0.000000,ALLOW
578,0.000000,ALLOW
579,0.000000,ALLOW
580,0.000000,ALLOW
581,0.000000,ALLOW
582,0.000000,ALLOW
583,0.000000,ALLOW
584,0.000000,ALLOW
585,0.000000,ALLOW
586,0.000000,ALLOW
587,0.000000,ALLOW
588,0.000000,ALLOW
589,0.000000,ALLOW
590,0.000000,ALLOW
591,0.000000,ALLOW
592,0.000000,ALLOW
593,0.000000,ALLOW
594,0.000000,ALLOW
595,0.000000,ALLOW
596,0.000000,ALLOW
597,0.000000,ALLOW
598,0.000000,ALLOW
599,0.000000,ALLOW
600,0.000000,ALLOW
601,0.000000,ALLOW
602,0.000000,ALLOW
603,0.000000,ALLOW
604,0.000000,ALLOW
605,0.000000,ALLOW
606,0.000000,ALLOW
607,0.000000,ALLOW
608,0.000000,ALLOW
609,0.000000,ALLOW
610,0.000000,ALLOW
611,0.000000,ALLOW
612,0.000000,ALLOW
613,0.000000,ALLOW
614,0.000000,ALLOW
615,0.000000,ALLOW
616,0.000000,ALLOW
617,0.000000,ALLOW
618,0.000000,ALLOW
619,0.000000,ALLOW
620,0.000000,ALLOW
621,0.000000,ALLOW
622,0.000000,ALLOW
623,0.000000,ALLOW
624,0.000000,ALLOW
625,0.000000,ALLOW
626,0.000000,ALLOW
627,0.000000,ALLOW
628,0.000000,ALLOW
629,0.000000,ALLOW
630,0.000000,ALLOW
631,0.000000,ALLOW
632,0.000000,ALLOW
633,0.000000,ALLOW
634,0.000000,ALLOW
635,0.000000,ALLOW
636,0.000000,ALLOW
637,0.000000,ALLOW
638,0.000000,ALLOW
639,0.000000,ALLOW
640,0.000000,ALLOW
641,0.000000,ALLOW
642,0.000000,ALLOW
643,0.000000,ALLOW
644,0.000000,ALLOW
645,0.000000,ALLOW
646,0.000000,ALLOW
647,0.000000,ALLOW
648,0.000000,ALLOW
649,0.000000,ALLOW
650,0.000000,ALLOW
651,0.000000,ALLOW
652,0.000000,ALLOW
653,0.000000,ALLOW
654,0.000000,ALLOW
655,0.000000,ALLOW
656,0.000000,ALLOW
657,0.000000,ALLOW
658,0.000000,ALLOW
659,0.000000,ALLOW
660,0.000000,ALLOW
661,0.000000,ALLOW
662,0.000000,ALLOW
663,0.000000,ALLOW
664,0.000000,ALLOW
665,0.000000,ALLOW
666,0.000000,ALLOW
667,0.000000,ALLOW
668,0.000000,ALLOW
669,0.000000,ALLOW
670,0.000000,ALLOW
671,0.000000,ALLOW
672,0.000000,ALLOW
673,0.000000,ALLOW
674,0.000000,ALLOW
675,0.000000,ALLOW
676,0.000000,ALLOW
677,0.000000,ALLOW
678,0.000000,ALLOW
679,0.000000,ALLOW
680,0.000000,ALLOW
681,0.000000,ALLOW
682,0.000000,ALLOW
683,0.000000,ALLOW
684,0.000000,ALLOW
685,0.000000,ALLOW
686,0.000000,ALLOW
687,0.000000,ALLOW
688,0.000000,ALLOW
689,0.000000,ALLOW
690,0.000000,ALLOW
691,0.000000,ALLOW
692,0.000000,ALLOW
693,0.000000,ALLOW
694,0.000000,ALLOW
695,0.000000,ALLOW
696,0.000000,ALLOW
697,0.000000,ALLOW
698,0.000000,ALLOW
699,0.000000,ALLOW
700,0.000000,ALLOW
701,0.000000,ALLOW
702,0.000000,ALLOW
703,0.000000,ALLOW
704,0.000000,ALLOW
705,0.000000,ALLOW
706,0.000000,ALLOW
707,0.000000,ALLOW
708,0.000000,ALLOW
709,0.000000,ALLOW
710,0.000000,ALLOW
711,0.000000,ALLOW
712,0.000000,ALLOW
713,0.000000,ALLOW
714,0.000000,ALLOW
715,0.000000,ALLOW
716,0.000000,ALLOW
717,0.000000,ALLOW
718,0.000000,ALLOW
719,0.000000,ALLOW
720,0.000000,ALLOW
721,0.000000,ALLOW
722,0.000000,ALLOW
723,0.000000,ALLOW
724,0.000000,ALLOW
725,0.000000,ALLOW
726,0.000000,ALLOW
727,0.000000,ALLOW
728,0.000000,ALLOW
729,0.000000,ALLOW
730,0.000000,ALLOW
731,0.000000,ALLOW
732,0.000000,ALLOW
733,0.000000,ALLOW
734,0.000000,ALLOW
735,0.000000,ALLOW
736,0.000000,ALLOW
737,0.000000,ALLOW
738,0.000000,ALLOW
739,0.000000,ALLOW
740,0.000000,ALLOW
741,0.000000,ALLOW
742,0.000000,ALLOW
743,0.000000,ALLOW
744,0.000000,ALLOW
745,0.000000,ALLOW
746,0.000000,ALLOW
747,0.000000,ALLOW
748,0.000000,ALLOW
749,0.000000,ALLOW
750,0.000000,ALLOW
751,0.000000,ALLOW
752,0.000000,ALLOW
753,0.000000,ALLOW
754,0.000000,ALLOW
755,0.000000,ALLOW
756,0.000000,ALLOW
757,0.000000,ALLOW
758,0.000000,ALLOW
759,0.000000,ALLOW
760,0.000000,ALLOW
761,0.000000,ALLOW
762,0.000000,ALLOW
763,0.000000,ALLOW
764,0.000000,ALLOW
765,0.000000,ALLOW
766,0.000000,ALLOW
767,0.000000,ALLOW
768,0.000000,ALLOW
769,0.000000,ALLOW
770,0.000000,ALLOW
771,0.000000,ALLOW
772,0.000000,ALLOW
773,0.000000,ALLOW
774,0.000000,ALLOW
775,0.000000,ALLOW
776,0.000000,ALLOW
777,0.000000,ALLOW
778,0.000000,ALLOW
779,0.000000,ALLOW
780,0.000000,ALLOW
781,0.000000,ALLOW
782,0.000000,ALLOW
783,0.000000,ALLOW
784,0.000000,ALLOW
785,0.000000,ALLOW
786,0.000000,ALLOW
787,0.000000,ALLOW
788,0.000000,ALLOW
789,0.000000,ALLOW
790,0.000000,ALLOW
791,0.000000,ALLOW
792,0.000000,ALLOW
793,0.000000,ALLOW
794,0.000000,ALLOW
795,0.000000,ALLOW
796,0.000000,ALLOW
797,0.000000,ALLOW
798,0.000000,ALLOW
799,0.000000,ALLOW
800,0.000000,ALLOW
801,0.000000,ALLOW
802,0.000000,ALLOW
803,0.000000,ALLOW
804,0.000000,ALLOW
805,0.000000,ALLOW
806,0.000000,ALLOW
807,0.000000,ALLOW
808,0.000000,ALLOW
809,0.000000,ALLOW
810,0.000000,ALLOW
811,0.000000,ALLOW
812,0.000000,ALLOW
813,0.000000,ALLOW
814,0.000000,ALLOW
815,0.000000,ALLOW
816,0.000000,ALLOW
817,0.000000,ALLOW
818,0.000000,ALLOW
819,0.000000,ALLOW
820,0.000000,ALLOW
821,0.000000,ALLOW
822,0.000000,ALLOW
823,0.000000,ALLOW
824,0.000000,ALLOW
825,0.000000,ALLOW
826,0.000000,ALLOW
827,0.000000,ALLOW
828,0.000000,ALLOW
829,0.000000,ALLOW
830,0.000000,ALLOW
831,0.000000,ALLOW
832,0.000000,ALLOW
833,0.000000,ALLOW
834,0.000000,ALLOW
835,0.000000,ALLOW
836,0.000000,ALLOW
837,0.000000,ALLOW
838,0.000000,ALLOW
839,0.000000,ALLOW
840,0.000000,ALLOW
841,0.000000,ALLOW
842,0.000000,ALLOW
843,0.000000,ALLOW
844,0.000000,ALLOW
845,0.000000,ALLOW
846,0.000000,ALLOW
847,0.000000,ALLOW
848,0.000000,ALLOW
849,0.000000,ALLOW
850,0.000000,ALLOW
851,0.000000,ALLOW
852,0.000000,ALLOW
853,0.000000,ALLOW
854,0.000000,ALLOW
855,0.000000,ALLOW
856,0.000000,ALLOW
857,0.000000,ALLOW
858,0.000000,ALLOW
859,0.000000,ALLOW
860,0.000000,ALLOW
861,0.000000,ALLOW
862,0.000000,ALLOW
863,0.000000,ALLOW
864,0.000000,ALLOW
865,0.000000,ALLOW
866,0.000000,ALLOW
867,0.000000,ALLOW
868,0.000000,ALLOW
869,0.000000,ALLOW
870,0.000000,ALLOW
871,0.000000,ALLOW
872,0.000000,ALLOW
873,0.000000,ALLOW
874,0.000000,ALLOW
875,0.000000,ALLOW
876,0.000000,ALLOW
877,0.000000,ALLOW
878,0.000000,ALLOW
879,0.000000,ALLOW
880,0.000000,ALLOW
881,0.000000,ALLOW
882,0.000000,ALLOW
883,0.000000,ALLOW
884,0.000000,ALLOW
885,0.000000,ALLOW
886,0.000000,ALLOW
887,0.000000,ALLOW
888,0.000000,ALLOW
889,0.000000,ALLOW
890,0.000000,ALLOW
891,0.000000,ALLOW
892,0.000000,ALLOW
893,0.000000,ALLOW
894,0.000000,ALLOW
895,0.000000,ALLOW
896,0.000000,ALLOW
897,0.000000,ALLOW
898,0.000000,ALLOW
899,0.000000,ALLOW
900,0.000000,ALLOW
901,0.000000,ALLOW
902,0.000000,ALLOW
903,0.000000,ALLOW
904,0.000000,ALLOW
905,0.000000,ALLOW
906,0.000000,ALLOW
907,0.000000,ALLOW
908,0.000000,ALLOW
909,0.000000,ALLOW
910,0.000000,ALLOW
911,0.000000,ALLOW
912,0.000000,ALLOW
913,0.000000,ALLOW
914,0.000000,ALLOW
915,0.000000,ALLOW
916,0.000000,ALLOW
917,0.000000,ALLOW
918,0.000000,ALLOW
919,0.000000,ALLOW
920,0.000000,ALLOW
921,0.000000,ALLOW
922,0.000000,ALLOW
923,0.000000,ALLOW
924,0.000000,ALLOW
925,0.000000,ALLOW
926,0.000000,ALLOW
927,0.000000,ALLOW
928,0.000000,ALLOW
929,0.000000,ALLOW
930,0.000000,ALLOW
931,0.000000,ALLOW
932,0.000000,ALLOW
933,0.000000,ALLOW
934,0.000000,ALLOW
935,0.000000,ALLOW
936,0.000000,ALLOW
937,0.000000,ALLOW
938,0.000000,ALLOW
939,0.000000,ALLOW
940,0.000000,ALLOW
941,0.000000,ALLOW
942,0.000000,ALLOW
943,0.000000,ALLOW
944,0.000000,ALLOW
945,0.000000,ALLOW
946,0.000000,ALLOW
947,0.000000,ALLOW
948,0.000000,ALLOW
949,0.000000,ALLOW
950,0.000000,ALLOW
951,0.000000,ALLOW
952,0.000000,ALLOW
953,0.000000,ALLOW
954,0.000000,ALLOW
955,0.000000,ALLOW
956,0.000000,ALLOW
957,0.000000,ALLOW
958,0.000000,ALLOW
959,0.000000,ALLOW
960,0.000000,ALLOW
961,0.000000,ALLOW
962,0.000000,ALLOW
963,0.000000,ALLOW
964,0.000000,ALLOW
965,0.000000,ALLOW
966,0.000000,ALLOW
967,0.000000,ALLOW
968,0.000000,ALLOW
969,0.000000,ALLOW
970,0.000000,ALLOW
971,0.000000,ALLOW
972,0.000000,ALLOW
973,0.000000,ALLOW
974,0.000000,ALLOW
975,0.000000,ALLOW
976,0.000000,ALLOW
977,0.000000,ALLOW
978,0.000000,ALLOW
979,0.000000,ALLOW
980,0.000000,ALLOW
981,0.000000,ALLOW
982,0.000000,ALLOW
983,0.000000,ALLOW
984,0.000000,ALLOW
985,0.000000,ALLOW
986,0.000000,ALLOW
987,0.000000,ALLOW
988,0.000000,ALLOW
989,0.000000,ALLOW
990,0.000000,ALLOW
991,0.000000,ALLOW
992,0.000000,ALLOW
993,0.000000,ALLOW
994,0.000000,ALLOW
995,0.000000,ALLOW
996,0.000000,ALLOW
997,0.000000,ALLOW
998,0.000000,ALLOW
999,0.000000,ALLOW
1000,0.000000,ALLOW
1001,0.000000,ALLOW
1002,0.000000,ALLOW
1003,0.000000,ALLOW
1004,0.000000,ALLOW
1005,0.000000,ALLOW
1006,0.000000,ALLOW
1007,0.000000,ALLOW
1008,0.000000,ALLOW
1009,0.000000,ALLOW
1010,0.000000,ALLOW
1011,0.000000,ALLOW
1012,0.000000,ALLOW
1013,0.000000,ALLOW
1014,0.000000,ALLOW
1015,0.000000,ALLOW
1016,0.000000,ALLOW
1017,0.000000,ALLOW
1018,0.000000,ALLOW
1019,0.000000,ALLOW
1020,0.000000,ALLOW
1021,0.000000,ALLOW
1022,0.000000,ALLOW
1023,0.000000,ALLOW
1024,0.000000,ALLOW
1025,0.000000,ALLOW
1026,0.000000,ALLOW
1027,0.000000,ALLOW
1028,0.000000,ALLOW
1029,0.000000,ALLOW
1030,0.000000,ALLOW
1031,0.000000,ALLOW
1032,0.000000,ALLOW
1033,0.000000,ALLOW
1034,0.000000,ALLOW
1035,0.000000,ALLOW
1036,0.000000,ALLOW
1037,0.000000,ALLOW
1038,0.000000,ALLOW
1039,0.000000,ALLOW
1040,0.000000,ALLOW
1041,0.000000,ALLOW
1042,0.000000,ALLOW
1043,0.000000,ALLOW
1044,0.000000,ALLOW
1045,0.000000,ALLOW
1046,0.000000,ALLOW
1047,0.000000,ALLOW
1048,0.000000,ALLOW
1049,0.000000,ALLOW
1050,0.000000,ALLOW
1051,0.000000,ALLOW
1052,0.000000,ALLOW
1053,0.000000,ALLOW
1054,0.000000,ALLOW
1055,0.000000,ALLOW
1056,0.000000,ALLOW
1057,0.000000,ALLOW
1058,0.000000,ALLOW
1059,0.000000,ALLOW
1060,0.000000,ALLOW
1061,0.000000,ALLOW
1062,0.000000,ALLOW
1063,0.000000,ALLOW
1064,0.000000,ALLOW
1065,0.000000,ALLOW
1066,0.000000,ALLOW
1067,0.000000,ALLOW
1068,0.000000,ALLOW
1069,0.000000,ALLOW
1070,0.000000,ALLOW
1071,0.000000,ALLOW
1072,0.000000,ALLOW
1073,0.000000,ALLOW
1074,0.000000,ALLOW
1075,0.000000,ALLOW
1076,0.000000,ALLOW
1077,0.000000,ALLOW
1078,0.000000,ALLOW
1079,0.000000,ALLOW
1080,0.000000,ALLOW
1081,0.000000,ALLOW
1082,0.000000,ALLOW
1083,0.000000,ALLOW
1084,0.000000,ALLOW
1085,0.000000,ALLOW
1086,0.000000,ALLOW
1087,0.000000,ALLOW
1088,0.000000,ALLOW
1089,0.000000,ALLOW
1090,0.000000,ALLOW
1091,0.000000,ALLOW
1092,0.000000,ALLOW
1093,0.000000,ALLOW
1094,0.000000,ALLOW
1095,0.000000,ALLOW
1096,0.000000,ALLOW
1097,0.000000,ALLOW
1098,0.000000,ALLOW
1099,0.000000,ALLOW
1100,0.000000,ALLOW
1101,0.000000,ALLOW
1102,0.000000,ALLOW
1103,0.000000,ALLOW
1104,0.000000,ALLOW
1105,0.000000,ALLOW
1106,0.000000,ALLOW
1107,0.000000,ALLOW
1108,0.000000,ALLOW
1109,0.000000,ALLOW
1110,0.000000,ALLOW
1111,0.000000,ALLOW
1112,0.000000,ALLOW
1113,0.000000,ALLOW
1114,0.000000,ALLOW
1115,0.000000,ALLOW
1116,0.000000,ALLOW
1117,0.000000,ALLOW
1118,0.000000,ALLOW
1119,0.000000,ALLOW
1120,0.000000,ALLOW
1121,0.000000,ALLOW
1122,0.000000,ALLOW
1123,0.000000,ALLOW
1124,0.000000,ALLOW
1125,0.000000,ALLOW
1126,0.000000,ALLOW
1127,0.000000,ALLOW
1128,0.000000,ALLOW
1129,0.000000,ALLOW
1130,0.000000,ALLOW
1131,0.000000,ALLOW
1132,0.000000,ALLOW
1133,0.000000,ALLOW
1134,0.000000,ALLOW
1135,0.000000,ALLOW
1136,0.000000,ALLOW
1137,0.000000,ALLOW
1138,0.000000,ALLOW
1139,0.000000,ALLOW
1140,0.000000,ALLOW
1141,0.000000,ALLOW
1142,0.000000,ALLOW
1143,0.000000,ALLOW
1144,0.000000,ALLOW
1145,0.000000,ALLOW
1146,0.000000,ALLOW
1147,0.000000,ALLOW
1148,0.000000,ALLOW
1149,0.000000,ALLOW
1150,0.000000,ALLOW
1151,0.000000,ALLOW
1152,0.000000,ALLOW
1153,0.000000,ALLOW
1154,0.000000,ALLOW
1155,0.000000,ALLOW
1156,0.000000,ALLOW
1157,0.000000,ALLOW
1158,0.000000,ALLOW
1159,0.000000,ALLOW
1160,0.000000,ALLOW
1161,0.000000,ALLOW
1162,0.000000,ALLOW
1163,0.000000,ALLOW
1164,0.000000,ALLOW
1165,0.000000,ALLOW
1166,0.000000,ALLOW
1167,0.000000,ALLOW
1168,0.000000,ALLOW
1169,0.000000,ALLOW
1170,0.000000,ALLOW
1171,0.000000,ALLOW
1172,0.000000,ALLOW
1173,0.000000,ALLOW
1174,0.000000,ALLOW
1175,0.000000,ALLOW
1176,0.000000,ALLOW
1177,0.000000,ALLOW
1178,0.000000,ALLOW
1179,0.000000,ALLOW
1180,0.000000,ALLOW
1181,0.000000,ALLOW
1182,0.000000,ALLOW
1183,0.000000,ALLOW
1184,0.000000,ALLOW
1185,0.000000,ALLOW
1186,0.000000,ALLOW
1187,0.000000,ALLOW
1188,0.000000,ALLOW
1189,0.000000,ALLOW
1190,0.000000,ALLOW
1191,0.000000,ALLOW
1192,0.000000,ALLOW
1193,0.000000,ALLOW
1194,0.000000,ALLOW
1195,0.000000,ALLOW
1196,0.000000,ALLOW
1197,0.000000,ALLOW
1198,0.000000,ALLOW
1199,0.000000,ALLOW
1200,0.000000,ALLOW
1201,0.000000,ALLOW
1202,0.000000,ALLOW
1203,0.000000,ALLOW
1204,0.000000,ALLOW
1205,0.000000,ALLOW
1206,0.000000,ALLOW
1207,0.000000,ALLOW
1208,0.000000,ALLOW
1209,0.000000,ALLOW
1210,0.000000,ALLOW
1211,0.000000,ALLOW
1212,0.000000,ALLOW
1213,0.000000,ALLOW
1214,0.000000,ALLOW
1215,0.000000,ALLOW
1216,0.000000,ALLOW
1217,0.000000,ALLOW
1218,0.000000,ALLOW
1219,0.000000,ALLOW
1220,0.000000,ALLOW
1221,0.000000,ALLOW
1222,0.000000,ALLOW
1223,0.000000,ALLOW
1224,0.000000,ALLOW
1225,0.000000,ALLOW
1226,0.000000,ALLOW
1227,0.000000,ALLOW
1228,0.000000,ALLOW
1229,0.000000,ALLOW
1230,0.000000,ALLOW
1231,0.000000,ALLOW
1232,0.000000,ALLOW
1233,0.000000,ALLOW
1234,0.000000,ALLOW
1235,0.000000,ALLOW
1236,0.000000,ALLOW
1237,0.000000,ALLOW
1238,0.000000,ALLOW
1239,0.000000,ALLOW
1240,0.000000,ALLOW
1241,0.000000,ALLOW
1242,0.000000,ALLOW
1243,0.000000,ALLOW
1244,0.000000,ALLOW
1245,0.000000,ALLOW
1246,0.000000,ALLOW
1247,0.000000,ALLOW
1248,0.000000,ALLOW
1249,0.000000,ALLOW
1250,0.000000,ALLOW
1251,0.000000,ALLOW
1252,0.000000,ALLOW
1253,0.000000,ALLOW
1254,0.000000,ALLOW
1255,0.000000,ALLOW
1256,0.000000,ALLOW
1257,0.000000,ALLOW
1258,0.000000,ALLOW
1259,0.000000,ALLOW
1260,0.000000,ALLOW
1261,0.000000,ALLOW
1262,0.000000,ALLOW
1263,0.000000,ALLOW
1264,0.000000,ALLOW
1265,0.000000,ALLOW
1266,0.000000,ALLOW
1267,0.000000,ALLOW
1268,0.000000,ALLOW
1269,0.000000,ALLOW
1270,0.000000,ALLOW
1271,0.000000,ALLOW
1272,0.000000,ALLOW
1273,0.000000,ALLOW
1274,0.000000,ALLOW
1275,0.000000,ALLOW
1276,0.000000,ALLOW
1277,0.000000,ALLOW
1278,0.000000,ALLOW
1279,0.000000,ALLOW
1280,0.000000,ALLOW
1281,0.000000,ALLOW
1282,0.000000,ALLOW
1283,0.000000,ALLOW
1284,0.000000,ALLOW
1285,0.000000,ALLOW
1286,0.000000,ALLOW
1287,0.000000,ALLOW
1288,0.000000,ALLOW
1289,0.000000,ALLOW
1290,0.000000,ALLOW
1291,0.000000,ALLOW
1292,0.000000,ALLOW
1293,0.000000,ALLOW
1294,0.000000,ALLOW
1295,0.000000,ALLOW
1296,0.000000,ALLOW
1297,0.000000,ALLOW
1298,0.000000,ALLOW
1299,0.000000,ALLOW
1300,0.000000,ALLOW
1301,0.000000,ALLOW
1302,0.000000,ALLOW
1303,0.000000,ALLOW
1304,0.000000,ALLOW
1305,0.000000,ALLOW
1306,0.000000,ALLOW
1307,0.000000,ALLOW
1308,0.000000,ALLOW
1309,0.000000,ALLOW
1310,0.000000,ALLOW
1311,0.000000,ALLOW
1312,0.000000,ALLOW
1313,0.000000,ALLOW
1314,0.000000,ALLOW
1315,0.000000,ALLOW
1316,0.000000,ALLOW
1317,0.000000,ALLOW
1318,0.000000,ALLOW
1319,0.000000,ALLOW
1320,0.000000,ALLOW
1321,0.000000,ALLOW
1322,0.000000,ALLOW
1323,0.000000,ALLOW
1324,0.000000,ALLOW
1325,0.000000,ALLOW
1326,0.000000,ALLOW
1327,0.000000,ALLOW
1328,0.000000,ALLOW
1329,0.000000,ALLOW
1330,0.000000,ALLOW
1331,0.000000,ALLOW
1332,0.000000,ALLOW
1333,0.000000,ALLOW
1334,0.000000,ALLOW
1335,0.000000,ALLOW
1336,0.000000,ALLOW
1337,0.000000,ALLOW
1338,0.000000,ALLOW
1339,0.000000,ALLOW
1340,0.000000,ALLOW
1341,0.000000,ALLOW
1342,0.000000,ALLOW
1343,0.000000,ALLOW
1344,0.000000,ALLOW
1345,0.000000,ALLOW
1346,0.000000,ALLOW
1347,0.000000,ALLOW
1348,0.000000,ALLOW
1349,0.000000,ALLOW
1350,0.000000,ALLOW
1351,0.000000,ALLOW
1352,0.000000,ALLOW
1353,0.000000,ALLOW
1354,0.000000,ALLOW
1355,0.000000,ALLOW
1356,0.000000,ALLOW
1357,0.000000,ALLOW
1358,0.000000,ALLOW
1359,0.000000,ALLOW
1360,0.000000,ALLOW
1361,0.000000,ALLOW
1362,0.000000,ALLOW
1363,0.000000,ALLOW
1364,0.000000,ALLOW
1365,0.000000,ALLOW
1366,0.000000,ALLOW
1367,0.000000,ALLOW
1368,0.000000,ALLOW
1369,0.000000,ALLOW
1370,0.000000,ALLOW
1371,0.000000,ALLOW
1372,0.000000,ALLOW
1373,0.000000,ALLOW
1374,0.000000,ALLOW
1375,0.000000,ALLOW
1376,0.000000,ALLOW
1377,0.000000,ALLOW
1378,0.000000,ALLOW
1379,0.000000,ALLOW
1380,0.000000,ALLOW
1381,0.000000,ALLOW
1382,0.000000,ALLOW
1383,0.000000,ALLOW
1384,0.000000,ALLOW
1385,0.000000,ALLOW
1386,0.000000,ALLOW
1387,0.000000,ALLOW
1388,0.000000,ALLOW
1389,0.000000,ALLOW
1390,0.000000,ALLOW
1391,0.000000,ALLOW
1392,0.000000,ALLOW
1393,0.000000,ALLOW
1394,0.000000,ALLOW
1395,0.000000,ALLOW
1396,0.000000,ALLOW
1397,0.000000,ALLOW
1398,0.000000,ALLOW
1399,0.000000,ALLOW
1400,0.000000,ALLOW
1401,0.000000,ALLOW
1402,0.000000,ALLOW
1403,0.000000,ALLOW
1404,0.000000,ALLOW
1405,0.000000,ALLOW
1406,0.000000,ALLOW
1407,0.000000,ALLOW
1408,0.000000,ALLOW
1409,0.000000,ALLOW
1410,0.000000,ALLOW
1411,0.000000,ALLOW
1412,0.000000,ALLOW
1413,0.000000,ALLOW
1414,0.000000,ALLOW
1415,0.000000,ALLOW
1416,0.000000,ALLOW
1417,0.000000,ALLOW
1418,0.000000,ALLOW
1419,0.000000,ALLOW
1420,0.000000,ALLOW
1421,0.000000,ALLOW
1422,0.000000,ALLOW
1423,0.000000,ALLOW
1424,0.000000,ALLOW
1425,0.000000,ALLOW
1426,0.000000,ALLOW
1427,0.000000,ALLOW
1428,0.000000,ALLOW
1429,0.000000,ALLOW
1430,0.000000,ALLOW
1431,0.000000,ALLOW
1432,0.000000,ALLOW
1433,0.000000,ALLOW
1434,0.000000,ALLOW
1435,0.000000,ALLOW
1436,0.000000,ALLOW
1437,0.000000,ALLOW
1438,0.000000,ALLOW
1439,0.000000,ALLOW
1440,0.000000,ALLOW
1441,0.000000,ALLOW
1442,0.000000,ALLOW
1443,0.000000,ALLOW
1444,0.000000,ALLOW
1445,0.000000,ALLOW
1446,0.000000,ALLOW
1447,0.000000,ALLOW
1448,0.000000,ALLOW
1449,0.000000,ALLOW
1450,0.000000,ALLOW
1451,0.000000,ALLOW
1452,0.000000,ALLOW
1453,0.000000,ALLOW
1454,0.000000,ALLOW
1455,0.000000,ALLOW
1456,0.000000,ALLOW
1457,0.000000,ALLOW
1458,0.000000,ALLOW
1459,0.000000,ALLOW
1460,0.000000,ALLOW
1461,0.000000,ALLOW
1462,0.000000,ALLOW
1463,0.000000,ALLOW
1464,0.000000,ALLOW
1465,0.000000,ALLOW
1466,0.000000,ALLOW
1467,0.000000,ALLOW
1468,0.000000,ALLOW
1469,0.000000,ALLOW
1470,0.000000,ALLOW
1471,0.000000,ALLOW
1472,0.000000,ALLOW
1473,0.000000,ALLOW
1474,0.000000,ALLOW
1475,0.000000,ALLOW
1476,0.000000,ALLOW
1477,0.000000,ALLOW
1478,0.000000,ALLOW
1479,0.000000,ALLOW
1480,0.000000,ALLOW
1481,0.000000,ALLOW
1482,0.000000,ALLOW
1483,0.000000,ALLOW
1484,0.000000,ALLOW
1485,0.000000,ALLOW
1486,0.000000,ALLOW
1487,0.000000,ALLOW
1488,0.000000,ALLOW
1489,0.000000,ALLOW
1490,0.000000,ALLOW
1491,0.000000,ALLOW
1492,0.000000,ALLOW
1493,0.000000,ALLOW
1494,0.000000,ALLOW
1495,0.000000,ALLOW
1496,0.000000,ALLOW
1497,0.000000,ALLOW
1498,0.000000,ALLOW
1499,0.000000,ALLOW
1500,0.000000,ALLOW
1501,0.000000,ALLOW
1502,0.000000,ALLOW
1503,0.000000,ALLOW
1504,0.000000,ALLOW
1505,0.000000,ALLOW
1506,0.000000,ALLOW
1507,0.000000,ALLOW
1508,0.000000,ALLOW
1509,0.000000,ALLOW
1510,0.000000,ALLOW
1511,0.000000,ALLOW
1512,0.000000,ALLOW
1513,0.000000,ALLOW
1514,0.000000,ALLOW
1515,0.000000,ALLOW
1516,0.000000,ALLOW
1517,0.000000,ALLOW
1518,0.000000,ALLOW
1519,0.000000,ALLOW
1520,0.000000,ALLOW
1521,0.000000,ALLOW
1522,0.000000,ALLOW
1523,0.000000,ALLOW
1524,0.000000,ALLOW
1525,0.000000,ALLOW
1526,0.000000,ALLOW
1527,0.000000,ALLOW
1528,0.000000,ALLOW
1529,0.000000,ALLOW
1530,0.000000,ALLOW
1531,0.000000,ALLOW
1532,0.000000,ALLOW
1533,0.000000,ALLOW
1534,0.000000,ALLOW
1535,0.000000,ALLOW
1536,0.000000,ALLOW
1537,0.000000,ALLOW
1538,0.000000,ALLOW
1539,0.000000,ALLOW
1540,0.000000,ALLOW
1541,0.000000,ALLOW
1542,0.000000,ALLOW
1543,0.000000,ALLOW
1544,0.000000,ALLOW
1545,0.000000,ALLOW
1546,0.000000,ALLOW
1547,0.000000,ALLOW
1548,0.000000,ALLOW
1549,0.000000,ALLOW
1550,0.000000,ALLOW
1551,0.000000,ALLOW
1552,0.000000,ALLOW
1553,0.000000,ALLOW
1554,0.000000,ALLOW
1555,0.000000,ALLOW
1556,0.000000,ALLOW
1557,0.000000,ALLOW
1558,0.000000,ALLOW
1559,0.000000,ALLOW
1560,0.000000,ALLOW
1561,0.000000,ALLOW
1562,0.000000,ALLOW
1563,0.000000,ALLOW
1564,0.000000,ALLOW
1565,0.000000,ALLOW
1566,0.000000,ALLOW
1567,0.000000,ALLOW
1568,0.000000,ALLOW
1569,0.000000,ALLOW
1570,0.000000,ALLOW
1571,0.000000,ALLOW
1572,0.000000,ALLOW
1573,0.000000,ALLOW
1574,0.000000,ALLOW
1575,0.000000,ALLOW
1576,0.000000,ALLOW
1577,0.000000,ALLOW
1578,0.000000,ALLOW
1579,0.000000,ALLOW
1580,0.000000,ALLOW
1581,0.000000,ALLOW
1582,0.000000,ALLOW
1583,0.000000,ALLOW
1584,0.000000,ALLOW
1585,0.000000,ALLOW
1586,0.000000,ALLOW
1587,0.000000,ALLOW
1588,0.000000,ALLOW
1589,0.000000,ALLOW
1590,0.000000,ALLOW
1591,0.000000,ALLOW
1592,0.000000,ALLOW
1593,0.000000,ALLOW
1594,0.000000,ALLOW
1595,0.000000,ALLOW
1596,0.000000,ALLOW
1597,0.000000,ALLOW
1598,0.000000,ALLOW
1599,0.000000,ALLOW
1600,0.000000,ALLOW
1601,0.000000,ALLOW
1602,0.000000,ALLOW
1603,0.000000,ALLOW
1604,0.000000,ALLOW
1605,0.000000,ALLOW
1606,0.000000,ALLOW
1607,0.000000,ALLOW
1608,0.000000,ALLOW
1609,0.000000,ALLOW
1610,0.000000,ALLOW
1611,0.000000,ALLOW
1612,0.000000,ALLOW
1613,0.000000,ALLOW
1614,0.000000,ALLOW
1615,0.000000,ALLOW
1616,0.000000,ALLOW
1617,0.000000,ALLOW
1618,0.000000,ALLOW
1619,0.000000,ALLOW
1620,0.000000,ALLOW
1621,0.000000,ALLOW
1622,0.000000,ALLOW
1623,0.000000,ALLOW
1624,0.000000,ALLOW
1625,0.000000,ALLOW
1626,0.000000,ALLOW
1627,0.000000,ALLOW
1628,0.000000,ALLOW
1629,0.000000,ALLOW
1630,0.000000,ALLOW
1631,0.000000,ALLOW
1632,0.000000,ALLOW
1633,0.000000,ALLOW
1634,0.000000,ALLOW
1635,0.000000,ALLOW
1636,0.000000,ALLOW
1637,0.000000,ALLOW
1638,0.000000,ALLOW
1639,0.000000,ALLOW
1640,0.000000,ALLOW
1641,0.000000,ALLOW
1642,0.000000,ALLOW
1643,0.000000,ALLOW
1644,0.000000,ALLOW
1645,0.000000,ALLOW
1646,0.000000,ALLOW
1647,0.000000,ALLOW
1648,0.000000,ALLOW
1649,0.000000,ALLOW
1650,0.000000,ALLOW
1651,0.000000,ALLOW
1652,0.000000,ALLOW
1653,0.000000,ALLOW
1654,0.000000,ALLOW
1655,0.000000,ALLOW
1656,0.000000,ALLOW
1657,0.000000,ALLOW
1658,0.000000,ALLOW
1659,0.000000,ALLOW
1660,0.000000,ALLOW
1661,0.000000,ALLOW
1662,0.000000,ALLOW
1663,0.000000,ALLOW
1664,0.000000,ALLOW
1665,0.000000,ALLOW
1666,0.000000,ALLOW
1667,0.000000,ALLOW
1668,0.000000,ALLOW
1669,0.000000,ALLOW
1670,0.000000,ALLOW
1671,0.000000,ALLOW
1672,0.000000,ALLOW
1673,0.000000,ALLOW
1674,0.000000,ALLOW
1675,0.000000,ALLOW
1676,0.000000,ALLOW
1677,0.000000,ALLOW
1678,0.000000,ALLOW
1679,0.000000,ALLOW
1680,0.000000,ALLOW
1681,0.000000,ALLOW
1682,0.000000,ALLOW
1683,0.000000,ALLOW
1684,0.000000,ALLOW
1685,0.000000,ALLOW
1686,0.000000,ALLOW
1687,0.000000,ALLOW
1688,0.000000,ALLOW
1689,0.000000,ALLOW
1690,0.000000,ALLOW
1691,0.000000,ALLOW
1692,0.000000,ALLOW
1693,0.000000,ALLOW
1694,0.000000,ALLOW
1695,0.000000,ALLOW
1696,0.000000,ALLOW
1697,0.000000,ALLOW
1698,0.000000,ALLOW
1699,0.000000,ALLOW
1700,0.000000,ALLOW
1701,0.000000,ALLOW
1702,0.000000,ALLOW
1703,0.000000,ALLOW
1704,0.000000,ALLOW
1705,0.000000,ALLOW
1706,0.000000,ALLOW
1707,0.000000,ALLOW
1708,0.000000,ALLOW
1709,0.000000,ALLOW
1710,0.000000,ALLOW
1711,0.000000,ALLOW
1712,0.000000,ALLOW
1713,0.000000,ALLOW
1714,0.000000,ALLOW
1715,0.000000,ALLOW
1716,0.000000,ALLOW
1717,0.000000,ALLOW
1718,0.000000,ALLOW
1719,0.000000,ALLOW
1720,0.000000,ALLOW
1721,0.000000,ALLOW
1722,0.000000,ALLOW
1723,0.000000,ALLOW
1724,0.000000,ALLOW
1725,0.000000,ALLOW
1726,0.000000,ALLOW
1727,0.000000,ALLOW
1728,0.000000,ALLOW
1729,0.000000,ALLOW
1730,0.000000,ALLOW
1731,0.000000,ALLOW
1732,0.000000,ALLOW
1733,0.000000,ALLOW
1734,0.000000,ALLOW
1735,0.000000,ALLOW
1736,0.000000,ALLOW
1737,0.000000,ALLOW
1738,0.000000,ALLOW
1739,0.000000,ALLOW
1740,0.000000,ALLOW
1741,0.000000,ALLOW
1742,0.000000,ALLOW
1743,0.000000,ALLOW
1744,0.000000,ALLOW
1745,0.000000,ALLOW
1746,0.000000,ALLOW
1747,0.000000,ALLOW
1748,0.000000,ALLOW
1749,0.000000,ALLOW
1750,0.000000,ALLOW
1751,0.000000,ALLOW
1752,0.000000,ALLOW
1753,0.000000,ALLOW
1754,0.000000,ALLOW
1755,0.000000,ALLOW
1756,0.000000,ALLOW
1757,0.000000,ALLOW
1758,0.000000,ALLOW
1759,0.000000,ALLOW
1760,0.000000,ALLOW
1761,0.000000,ALLOW
1762,0.000000,ALLOW
1763,0.000000,ALLOW
1764,0.000000,ALLOW
1765,0.000000,ALLOW
1766,0.000000,ALLOW
1767,0.000000,ALLOW
1768,0.000000,ALLOW
1769,0.000000,ALLOW
1770,0.000000,ALLOW
1771,0.000000,ALLOW
1772,0.000000,ALLOW
1773,0.000000,ALLOW
1774,0.000000,ALLOW
1775,0.000000,ALLOW
1776,0.000000,ALLOW
1777,0.000000,ALLOW
1778,0.000000,ALLOW
1779,0.000000,ALLOW
1780,0.000000,ALLOW
1781,0.000000,ALLOW
1782,0.000000,ALLOW
1783,0.000000,ALLOW
1784,0.000000,ALLOW
1785,0.000000,ALLOW
1786,0.000000,ALLOW
1787,0.000000,ALLOW
1788,0.000000,ALLOW
1789,0.000000,ALLOW
1790,0.000000,ALLOW
1791,0.000000,ALLOW
1792,0.000000,ALLOW
1793,0.000000,ALLOW
1794,0.000000,ALLOW
1795,0.000000,ALLOW
1796,0.000000,ALLOW
1797,0.000000,ALLOW
1798,0.000000,ALLOW
1799,0.000000,ALLOW
1800,0.000000,ALLOW
1801,0.000000,ALLOW
1802,0.000000,ALLOW
1803,0.000000,ALLOW
1804,0.000000,ALLOW
1805,0.000000,ALLOW
1806,0.000000,ALLOW
1807,0.000000,ALLOW
1808,0.000000,ALLOW
1809,0.000000,ALLOW
1810,0.000000,ALLOW
1811,0.000000,ALLOW
1812,0.000000,ALLOW
1813,0.000000,ALLOW
1814,0.000000,ALLOW
1815,0.000000,ALLOW
1816,0.000000,ALLOW
1817,0.000000,ALLOW
1818,0.000000,ALLOW
1819,0.000000,ALLOW
1820,0.000000,ALLOW
1821,0.000000,ALLOW
1822,0.000000,ALLOW
1823,0.000000,ALLOW
1824,0.000000,ALLOW
1825,0.000000,ALLOW
1826,0.000000,ALLOW
1827,0.000000,ALLOW
1828,0.000000,ALLOW
1829,0.000000,ALLOW
1830,0.000000,ALLOW
1831,0.000000,ALLOW
1832,0.000000,ALLOW
1833,0.000000,ALLOW
1834,0.000000,ALLOW
1835,0.000000,ALLOW
1836,0.000000,ALLOW
1837,0.000000,ALLOW
1838,0.000000,ALLOW
1839,0.000000,ALLOW
1840,0.000000,ALLOW
1841,0.000000,ALLOW
1842,0.000000,ALLOW
1843,0.000000,ALLOW
1844,0.000000,ALLOW
1845,0.000000,ALLOW
1846,0.000000,ALLOW
1847,0.000000,ALLOW
1848,0.000000,ALLOW
1849,0.000000,ALLOW
1850,0.000000,ALLOW
1851,0.000000,ALLOW
1852,0.000000,ALLOW
1853,0.000000,ALLOW
1854,0.000000,ALLOW
1855,0.000000,ALLOW
1856,0.000000,ALLOW
1857,0.000000,ALLOW
1858,0.000000,ALLOW
1859,0.000000,ALLOW
1860,0.000000,ALLOW
1861,0.000000,ALLOW
1862,0.000000,ALLOW
1863,0.000000,ALLOW
1864,0.000000,ALLOW
1865,0.000000,ALLOW
1866,0.000000,ALLOW
1867,0.000000,ALLOW
1868,0.000000,ALLOW
1869,0.000000,ALLOW
1870,0.000000,ALLOW
1871,0.000000,ALLOW
1872,0.000000,ALLOW
1873,0.000000,ALLOW
1874,0.000000,ALLOW
1875,0.000000,ALLOW
1876,0.000000,ALLOW
1877,0.000000,ALLOW
1878,0.000000,ALLOW
1879,0.000000,ALLOW
1880,0.000000,ALLOW
1881,0.000000,ALLOW
1882,0.000000,ALLOW
1883,0.000000,ALLOW
1884,0.000000,ALLOW
1885,0.000000,ALLOW
1886,0.000000,ALLOW
1887,0.000000,ALLOW
1888,0.000000,ALLOW
1889,0.000000,ALLOW
1890,0.000000,ALLOW
1891,0.000000,ALLOW
1892,0.000000,ALLOW
1893,0.000000,ALLOW
1894,0.000000,ALLOW
1895,0.000000,ALLOW
1896,0.000000,ALLOW
1897,0.000000,ALLOW
1898,0.000000,ALLOW
1899,0.000000,ALLOW
1900,0.000000,ALLOW
1901,0.000000,ALLOW
1902,0.000000,ALLOW
1903,0.000000,ALLOW
1904,0.000000,ALLOW
1905,0.000000,ALLOW
1906,0.000000,ALLOW
1907,0.000000,ALLOW
1908,0.000000,ALLOW
1909,0.000000,ALLOW
1910,0.000000,ALLOW
1911,0.000000,ALLOW
1912,0.000000,ALLOW
1913,0.000000,ALLOW
1914,0.000000,ALLOW
1915,0.000000,ALLOW
1916,0.000000,ALLOW
1917,0.000000,ALLOW
1918,0.000000,ALLOW
1919,0.000000,ALLOW
1920,0.000000,ALLOW
1921,0.000000,ALLOW
1922,0.000000,ALLOW
1923,0.000000,ALLOW
1924,0.000000,ALLOW
1925,0.000000,ALLOW
1926,0.000000,ALLOW
1927,0.000000,ALLOW
1928,0.000000,ALLOW
1929,0.000000,ALLOW
1930,0.000000,ALLOW
1931,0.000000,ALLOW
1932,0.000000,ALLOW
1933,0.000000,ALLOW
1934,0.000000,ALLOW
1935,0.000000,ALLOW
1936,0.000000,ALLOW
1937,0.000000,ALLOW
1938,0.000000,ALLOW
1939,0.000000,ALLOW
1940,0.000000,ALLOW
1941,0.000000,ALLOW
1942,0.000000,ALLOW
1943,0.000000,ALLOW
1944,0.000000,ALLOW
1945,0.000000,ALLOW
1946,0.000000,ALLOW
1947,0.000000,ALLOW
1948,0.000000,ALLOW
1949,0.000000,ALLOW
1950,0.000000,ALLOW
1951,0.000000,ALLOW
1952,0.000000,ALLOW
1953,0.000000,ALLOW
1954,0.000000,ALLOW
1955,0.000000,ALLOW
1956,0.000000,ALLOW
1957,0.000000,ALLOW
1958,0.000000,ALLOW
1959,0.000000,ALLOW
1960,0.000000,ALLOW
1961,0.000000,ALLOW
1962,0.000000,ALLOW
1963,0.000000,ALLOW
1964,0.000000,ALLOW
1965,0.000000,ALLOW
1966,0.000000,ALLOW
1967,0.000000,ALLOW
1968,0.000000,ALLOW
1969,0.000000,ALLOW
1970,0.000000,ALLOW
1971,0.000000,ALLOW
1972,0.000000,ALLOW
1973,0.000000,ALLOW
1974,0.000000,ALLOW
1975,0.000000,ALLOW
1976,0.000000,ALLOW
1977,0.000000,ALLOW
1978,0.000000,ALLOW
1979,0.000000,ALLOW
1980,0.000000,ALLOW
1981,0.000000,ALLOW
1982,0.000000,ALLOW
1983,0.000000,ALLOW
1984,0.000000,ALLOW
1985,0.000000,ALLOW
1986,0.000000,ALLOW
1987,0.000000,ALLOW
1988,0.000000,ALLOW
1989,0.000000,ALLOW
1990,0.000000,ALLOW
1991,0.000000,ALLOW
1992,0.000000,ALLOW
1993,0.000000,ALLOW
1994,0.000000,ALLOW
1995,0.000000,ALLOW
1996,0.000000,ALLOW
1997,0.000000,ALLOW
1998,0.000000,ALLOW
1999,0.000000,ALLOW
2000,0.000000,ALLOW
2001,0.000000,ALLOW
2002,0.000000,ALLOW
2003,0.000000,ALLOW
2004,0.000000,ALLOW
2005,0.000000,ALLOW
2006,0.000000,ALLOW
2007,0.000000,ALLOW
2008,0.000000,ALLOW
2009,0.000000,ALLOW
2010,0.000000,ALLOW
2011,0.000000,ALLOW
2012,0.000000,ALLOW
2013,0.000000,ALLOW
2014,0.000000,ALLOW
2015,0.000000,ALLOW
2016,0.000000,ALLOW
2017,0.000000,ALLOW
2018,0.000000,ALLOW
2019,0.000000,ALLOW
2020,0.000000,ALLOW
2021,0.000000,ALLOW
2022,0.000000,ALLOW
2023,0.000000,ALLOW
2024,0.000000,ALLOW
2025,0.000000,ALLOW
2026,0.000000,ALLOW
2027,0.000000,ALLOW
2028,0.000000,ALLOW
2029,0.000000,ALLOW
2030,0.000000,ALLOW
2031,0.000000,ALLOW
2032,0.000000,ALLOW
2033,0.000000,ALLOW
2034,0.000000,ALLOW
2035,0.000000,ALLOW
2036,0.000000,ALLOW
2037,0.000000,ALLOW
2038,0.000000,ALLOW
2039,0.000000,ALLOW
2040,0.000000,ALLOW
2041,0.000000,ALLOW
2042,0.000000,ALLOW
2043,0.000000,ALLOW
2044,0.000000,ALLOW
2045,0.000000,ALLOW
2046,0.000000,ALLOW
2047,0.000000,ALLOW
2048,0.000000,ALLOW
2049,0.000000,ALLOW
2050,0.000000,ALLOW
2051,0.000000,ALLOW
2052,0.000000,ALLOW
2053,0.000000,ALLOW
2054,0.000000,ALLOW
2055,0.000000,ALLOW
2056,0.000000,ALLOW
2057,0.000000,ALLOW
2058,0.000000,ALLOW
2059,0.000000,ALLOW
2060,0.000000,ALLOW
2061,0.000000,ALLOW
2062,0.000000,ALLOW
2063,0.000000,ALLOW
2064,0.000000,ALLOW
2065,0.000000,ALLOW
2066,0.000000,ALLOW
2067,0.000000,ALLOW
2068,0.000000,ALLOW
2069,0.000000,ALLOW
2070,0.000000,ALLOW
2071,0.000000,ALLOW
2072,0.000000,ALLOW
2073,0.000000,ALLOW
2074,0.000000,ALLOW
2075,0.000000,ALLOW
2076,0.000000,ALLOW
2077,0.000000,ALLOW
2078,0.000000,ALLOW
2079,0.000000,ALLOW
2080,0.000000,ALLOW
2081,0.000000,ALLOW
2082,0.000000,ALLOW
2083,0.000000,ALLOW
2084,0.000000,ALLOW
2085,0.000000,ALLOW
2086,0.000000,ALLOW
2087,0.000000,ALLOW
2088,0.000000,ALLOW
2089,0.000000,ALLOW
2090,0.000000,ALLOW
2091,0.000000,ALLOW
2092,0.000000,ALLOW
2093,0.000000,ALLOW
2094,0.000000,ALLOW
2095,0.000000,ALLOW
2096,0.000000,ALLOW
2097,0.000000,ALLOW
2098,0.000000,ALLOW
2099,0.000000,ALLOW
2100,0.000000,ALLOW
2101,0.000000,ALLOW
2102,0.000000,ALLOW
2103,0.000000,ALLOW
2104,0.000000,ALLOW
2105,0.000000,ALLOW
2106,0.000000,ALLOW
2107,0.000000,ALLOW
2108,0.000000,ALLOW
2109,0.000000,ALLOW
2110,0.000000,ALLOW
2111,0.000000,ALLOW
2112,0.000000,ALLOW
2113,0.000000,ALLOW
2114,0.000000,ALLOW
2115,0.000000,ALLOW
2116,0.000000,ALLOW
2117,0.000000,ALLOW
2118,0.000000,ALLOW
2119,0.000000,ALLOW
2120,0.000000,ALLOW
2121,0.000000,ALLOW
2122,0.000000,ALLOW
2123,0.000000,ALLOW
2124,0.000000,ALLOW
2125,0.000000,ALLOW
2126,0.000000,ALLOW
2127,0.000000,ALLOW
2128,0.000000,ALLOW
2129,0.000000,ALLOW
2130,0.000000,ALLOW
2131,0.000000,ALLOW
2132,0.000000,ALLOW
2133,0.000000,ALLOW
2134,0.000000,ALLOW
2135,0.000000,ALLOW
2136,0.000000,ALLOW
2137,0.000000,ALLOW
2138,0.000000,ALLOW
2139,0.000000,ALLOW
2140,0.000000,ALLOW
2141,0.000000,ALLOW
2142,0.000000,ALLOW
2143,0.000000,ALLOW
2144,0.000000,ALLOW
2145,0.000000,ALLOW
2146,0.000000,ALLOW
2147,0.000000,ALLOW
2148,0.000000,ALLOW
2149,0.000000,ALLOW
2150,0.000000,ALLOW
2151,0.000000,ALLOW
2152,0.000000,ALLOW
2153,0.000000,ALLOW
2154,0.000000,ALLOW
2155,0.000000,ALLOW
2156,0.000000,ALLOW
2157,0.000000,ALLOW
2158,0.000000,ALLOW
2159,0.000000,ALLOW
2160,0.000000,ALLOW
2161,0.000000,ALLOW
2162,0.000000,ALLOW
2163,0.000000,ALLOW
2164,0.000000,ALLOW
2165,0.000000,ALLOW
2166,0.000000,ALLOW
2167,0.000000,ALLOW
2168,0.000000,ALLOW
2169,0.000000,ALLOW
2170,0.000000,ALLOW
2171,0.000000,ALLOW
2172,0.000000,ALLOW
2173,0.000000,ALLOW
2174,0.000000,ALLOW
2175,0.000000,ALLOW
2176,0.000000,ALLOW
2177,0.000000,ALLOW
2178,0.000000,ALLOW
2179,0.000000,ALLOW
2180,0.000000,ALLOW
2181,0.000000,ALLOW
2182,0.000000,ALLOW
2183,0.000000,ALLOW
2184,0.000000,ALLOW
2185,0.000000,ALLOW
2186,0.000000,ALLOW
2187,0.000000,ALLOW
2188,0.000000,ALLOW
2189,0.000000,ALLOW
2190,0.000000,ALLOW
2191,0.000000,ALLOW
2192,0.000000,ALLOW
2193,0.000000,ALLOW
2194,0.000000,ALLOW
2195,0.000000,ALLOW
2196,0.000000,ALLOW
2197,0.000000,ALLOW
2198,0.000000,ALLOW
2199,0.000000,ALLOW
2200,0.000000,ALLOW
2201,0.000000,ALLOW
2202,0.000000,ALLOW
2203,0.000000,ALLOW
2204,0.000000,ALLOW
2205,0.000000,ALLOW
2206,0.000000,ALLOW
2207,0.000000,ALLOW
2208,0.000000,ALLOW
2209,0.000000,ALLOW
2210,0.000000,ALLOW
2211,0.000000,ALLOW
2212,0.000000,ALLOW
2213,0.000000,ALLOW
2214,0.000000,ALLOW
2215,0.000000,ALLOW
2216,0.000000,ALLOW
2217,0.000000,ALLOW
2218,0.000000,ALLOW
2219,0.000000,ALLOW
2220,0.000000,ALLOW
2221,0.000000,ALLOW
2222,0.000000,ALLOW
2223,0.000000,ALLOW
2224,0.000000,ALLOW
2225,0.000000,ALLOW
2226,0.000000,ALLOW
2227,0.000000,ALLOW
2228,0.000000,ALLOW
2229,0.000000,ALLOW
2230,0.000000,ALLOW
2231,0.000000,ALLOW
2232,0.000000,ALLOW
2233,0.000000,ALLOW
2234,0.000000,ALLOW
2235,0.000000,ALLOW
2236,0.000000,ALLOW
2237,0.000000,ALLOW
2238,0.000000,ALLOW
2239,0.000000,ALLOW
2240,0.000000,ALLOW
2241,0.000000,ALLOW
2242,0.000000,ALLOW
2243,0.000000,ALLOW
2244,0.000000,ALLOW
2245,0.000000,ALLOW
2246,0.000000,ALLOW
2247,0.000000,ALLOW
2248,0.000000,ALLOW
2249,0.000000,ALLOW
2250,0.000000,ALLOW
2251,0.000000,ALLOW
2252,0.000000,ALLOW
2253,0.000000,ALLOW
2254,0.000000,ALLOW
2255,0.000000,ALLOW
2256,0.000000,ALLOW
2257,0.000000,ALLOW
2258,0.000000,ALLOW
2259,0.000000,ALLOW
2260,0.000000,ALLOW
2261,0.000000,ALLOW
2262,0.000000,ALLOW
2263,0.000000,ALLOW
2264,0.000000,ALLOW
2265,0.000000,ALLOW
2266,0.000000,ALLOW
2267,0.000000,ALLOW
2268,0.000000,ALLOW
2269,0.000000,ALLOW
2270,0.000000,ALLOW
2271,0.000000,ALLOW
2272,0.000000,ALLOW
2273,0.000000,ALLOW
2274,0.000000,ALLOW
2275,0.000000,ALLOW
2276,0.000000,ALLOW
2277,0.000000,ALLOW
2278,0.000000,ALLOW
2279,0.000000,ALLOW
2280,0.000000,ALLOW
2281,0.000000,ALLOW
2282,0.000000,ALLOW
2283,0.000000,ALLOW
2284,0.000000,ALLOW
2285,0.000000,ALLOW
2286,0.000000,ALLOW
2287,0.000000,ALLOW
2288,0.000000,ALLOW
2289,0.000000,ALLOW
2290,0.000000,ALLOW
2291,0.000000,ALLOW
2292,0.000000,ALLOW
2293,0.000000,ALLOW
2294,0.000000,ALLOW
2295,0.000000,ALLOW
2296,0.000000,ALLOW
2297,0.000000,ALLOW
2298,0.000000,ALLOW
2299,0.000000,ALLOW
2300,0.000000,ALLOW
2301,0.000000,ALLOW
2302,0.000000,ALLOW
2303,0.000000,ALLOW
2304,0.000000,ALLOW
2305,0.000000,ALLOW
2306,0.000000,ALLOW
2307,0.000000,ALLOW
2308,0.000000,ALLOW
2309,0.000000,ALLOW
2310,0.000000,ALLOW
2311,0.000000,ALLOW
2312,0.000000,ALLOW
2313,0.000000,ALLOW
2314,0.000000,ALLOW
2315,0.000000,ALLOW
2316,0.000000,ALLOW
2317,0.000000,ALLOW
2318,0.000000,ALLOW
2319,0.000000,ALLOW
2320,0.000000,ALLOW
2321,0.000000,ALLOW
2322,0.000000,ALLOW
2323,0.000000,ALLOW
2324,0.000000,ALLOW
2325,0.000000,ALLOW
2326,0.000000,ALLOW
2327,0.000000,ALLOW
2328,0.000000,ALLOW
2329,0.000000,ALLOW
2330,0.000000,ALLOW
2331,0.000000,ALLOW
2332,0.000000,ALLOW
2333,0.000000,ALLOW
2334,0.000000,ALLOW
2335,0.000000,ALLOW
2336,0.000000,ALLOW
2337,0.000000,ALLOW
2338,0.000000,ALLOW
2339,0.000000,ALLOW
2340,0.000000,ALLOW
2341,0.000000,ALLOW
2342,0.000000,ALLOW
2343,0.000000,ALLOW
2344,0.000000,ALLOW
2345,0.000000,ALLOW
2346,0.000000,ALLOW
2347,0.000000,ALLOW
2348,0.000000,ALLOW
2349,0.000000,ALLOW
2350,0.000000,ALLOW
2351,0.000000,ALLOW
2352,0.000000,ALLOW
2353,0.000000,ALLOW
2354,0.000000,ALLOW
2355,0.000000,ALLOW
2356,0.000000,ALLOW
2357,0.000000,ALLOW
2358,0.000000,ALLOW
2359,0.000000,ALLOW
2360,0.000000,ALLOW
2361,0.000000,ALLOW
2362,0.000000,ALLOW
2363,0.000000,ALLOW
2364,0.000000,ALLOW
2365,0.000000,ALLOW
2366,0.000000,ALLOW
2367,0.000000,ALLOW
2368,0.000000,ALLOW
2369,0.000000,ALLOW
2370,0.000000,ALLOW
2371,0.000000,ALLOW
2372,0.000000,ALLOW
2373,0.000000,ALLOW
2374,0.000000,ALLOW
2375,0.000000,ALLOW
2376,0.000000,ALLOW
2377,0.000000,ALLOW
2378,0.000000,ALLOW
2379,0.000000,ALLOW
2380,0.000000,ALLOW
2381,0.000000,ALLOW
2382,0.000000,ALLOW
2383,0.000000,ALLOW
2384,0.000000,ALLOW
2385,0.000000,ALLOW
2386,0.000000,ALLOW
2387,0.000000,ALLOW
2388,0.000000,ALLOW
2389,0.000000,ALLOW
2390,0.000000,ALLOW
2391,0.000000,ALLOW
2392,0.000000,ALLOW
2393,0.000000,ALLOW
2394,0.000000,ALLOW
2395,0.000000,ALLOW
2396,0.000000,ALLOW
2397,0.000000,ALLOW
2398,0.000000,ALLOW
2399,0.000000,ALLOW
2400,0.000000,ALLOW
2401,0.000000,ALLOW
2402,0.000000,ALLOW
2403,0.000000,ALLOW
2404,0.000000,ALLOW
2405,0.000000,ALLOW
2406,0.000000,ALLOW
2407,0.000000,ALLOW
2408,0.000000,ALLOW
2409,0.000000,ALLOW
2410,0.000000,ALLOW
2411,0.000000,ALLOW
2412,0.000000,ALLOW
2413,0.000000,ALLOW
2414,0.000000,ALLOW
2415,0.000000,ALLOW
2416,0.000000,ALLOW
2417,0.000000,ALLOW
2418,0.000000,ALLOW
2419,0.000000,ALLOW
2420,0.000000,ALLOW
2421,0.000000,ALLOW
2422,0.000000,ALLOW
2423,0.000000,ALLOW
2424,0.000000,ALLOW
2425,0.000000,ALLOW
2426,0.000000,ALLOW
2427,0.000000,ALLOW
2428,0.000000,ALLOW
2429,0.000000,ALLOW
2430,0.000000,ALLOW
2431,0.000000,ALLOW
2432,0.000000,ALLOW
2433,0.000000,ALLOW
2434,0.000000,ALLOW
2435,0.000000,ALLOW
2436,0.000000,ALLOW
2437,0.000000,ALLOW
2438,0.000000,ALLOW
2439,0.000000,ALLOW
2440,0.000000,ALLOW
2441,0.000000,ALLOW
2442,0.000000,ALLOW
2443,0.000000,ALLOW
2444,0.000000,ALLOW
2445,0.000000,ALLOW
2446,0.000000,ALLOW
2447,0.000000,ALLOW
2448,0.000000,ALLOW
2449,0.000000,ALLOW
2450,0.000000,ALLOW
2451,0.000000,ALLOW
2452,0.000000,ALLOW
2453,0.000000,ALLOW
2454,0.000000,ALLOW
2455,0.000000,ALLOW
2456,0.000000,ALLOW
2457,0.000000,ALLOW
2458,0.000000,ALLOW
2459,0.000000,ALLOW
2460,0.000000,ALLOW
2461,0.000000,ALLOW
2462,0.000000,ALLOW
2463,0.000000,ALLOW
2464,0.000000,ALLOW
2465,0.000000,ALLOW
2466,0.000000,ALLOW
2467,0.000000,ALLOW
2468,0.000000,ALLOW
2469,0.000000,ALLOW
2470,0.000000,ALLOW
2471,0.000000,ALLOW
2472,0.000000,ALLOW
2473,0.000000,ALLOW
2474,0.000000,ALLOW
2475,0.000000,ALLOW
2476,0.000000,ALLOW
2477,0.000000,ALLOW
2478,0.000000,ALLOW
2479,0.000000,ALLOW
2480,0.000000,ALLOW
2481,0.000000,ALLOW
2482,0.000000,ALLOW
2483,0.000000,ALLOW
2484,0.000000,ALLOW
2485,0.000000,ALLOW
2486,0.000000,ALLOW
2487,0.000000,ALLOW
2488,0.000000,ALLOW
2489,0.000000,ALLOW
2490,0.000000,ALLOW
2491,0.000000,ALLOW
2492,0.000000,ALLOW
2493,0.000000,ALLOW
2494,0.000000,ALLOW
2495,0.000000,ALLOW
2496,0.000000,ALLOW
2497,0.000000,ALLOW
2498,0.000000,ALLOW
2499,0.000000,ALLOW
2500,0.000000,ALLOW
2501,0.000000,ALLOW
2502,0.000000,ALLOW
2503,0.000000,ALLOW
2504,0.000000,ALLOW
2505,0.000000,ALLOW
2506,0.000000,ALLOW
2507,0.000000,ALLOW
2508,0.000000,ALLOW
2509,0.000000,ALLOW
2510,0.000000,ALLOW
2511,0.000000,ALLOW
2512,0.000000,ALLOW
2513,0.000000,ALLOW
2514,0.000000,ALLOW
2515,0.000000,ALLOW
2516,0.000000,ALLOW
2517,0.000000,ALLOW
2518,0.000000,ALLOW
2519,0.000000,ALLOW
2520,0.000000,ALLOW
2521,0.000000,ALLOW
2522,0.000000,ALLOW
2523,0.000000,ALLOW
2524,0.000000,ALLOW
2525,0.000000,ALLOW
2526,0.000000,ALLOW
2527,0.000000,ALLOW
2528,0.000000,ALLOW
2529,0.000000,ALLOW
2530,0.000000,ALLOW
2531,0.000000,ALLOW
2532,0.000000,ALLOW
2533,0.000000,ALLOW
2534,0.000000,ALLOW
2535,0.000000,ALLOW
2536,0.000000,ALLOW
2537,0.000000,ALLOW
2538,0.000000,ALLOW
2539,0.000000,ALLOW
2540,0.000000,ALLOW
2541,0.000000,ALLOW
2542,0.000000,ALLOW
2543,0.000000,ALLOW
2544,0.000000,ALLOW
2545,0.000000,ALLOW
2546,0.000000,ALLOW
2547,0.000000,ALLOW
2548,0.000000,ALLOW
2549,0.000000,ALLOW
2550,0.000000,ALLOW
2551,0.000000,ALLOW
2552,0.000000,ALLOW
2553,0.000000,ALLOW
2554,0.000000,ALLOW
2555,0.000000,ALLOW
2556,0.000000,ALLOW
2557,0.000000,ALLOW
2558,0.000000,ALLOW
2559,0.000000,ALLOW
2560,0.000000,ALLOW
2561,0.000000,ALLOW
2562,0.000000,ALLOW
2563,0.000000,ALLOW
2564,0.000000,ALLOW
2565,0.000000,ALLOW
2566,0.000000,ALLOW
2567,0.000000,ALLOW
2568,0.000000,ALLOW
2569,0.000000,ALLOW
2570,0.000000,ALLOW
2571,0.000000,ALLOW
2572,0.000000,ALLOW
2573,0.000000,ALLOW
2574,0.000000,ALLOW
2575,0.000000,ALLOW
2576,0.000000,ALLOW
2577,0.000000,ALLOW
2578,0.000000,ALLOW
2579,0.000000,ALLOW
2580,0.000000,ALLOW
2581,0.000000,ALLOW
2582,0.000000,ALLOW
2583,0.000000,ALLOW
2584,0.000000,ALLOW
2585,0.000000,ALLOW
2586,0.000000,ALLOW
2587,0.000000,ALLOW
2588,0.000000,ALLOW
2589,0.000000,ALLOW
2590,0.000000,ALLOW
2591,0.000000,ALLOW
2592,0.000000,ALLOW
2593,0.000000,ALLOW
2594,0.000000,ALLOW
2595,0.000000,ALLOW
2596,0.000000,ALLOW
2597,0.000000,ALLOW
2598,0.000000,ALLOW
2599,0.000000,ALLOW
2600,0.000000,ALLOW
2601,0.000000,ALLOW
2602,0.000000,ALLOW
2603,0.000000,ALLOW
2604,0.000000,ALLOW
2605,0.000000,ALLOW
2606,0.000000,ALLOW
2607,0.000000,ALLOW
2608,0.000000,ALLOW
2609,0.000000,ALLOW
2610,0.000000,ALLOW
2611,0.000000,ALLOW
2612,0.000000,ALLOW
2613,0.000000,ALLOW
2614,0.000000,ALLOW
2615,0.000000,ALLOW
2616,0.000000,ALLOW
2617,0.000000,ALLOW
2618,0.000000,ALLOW
2619,0.000000,ALLOW
2620,0.000000,ALLOW
2621,0.000000,ALLOW
2622,0.000000,ALLOW
2623,0.000000,ALLOW
2624,0.000000,ALLOW
2625,0.000000,ALLOW
2626,0.000000,ALLOW
2627,0.000000,ALLOW
2628,0.000000,ALLOW
2629,0.000000,ALLOW
2630,0.000000,ALLOW
2631,0.000000,ALLOW
2632,0.000000,ALLOW
2633,0.000000,ALLOW
2634,0.000000,ALLOW
2635,0.000000,ALLOW
2636,0.000000,ALLOW
2637,0.000000,ALLOW
2638,0.000000,ALLOW
2639,0.000000,ALLOW
2640,0.000000,ALLOW
2641,0.000000,ALLOW
2642,0.000000,ALLOW
2643,0.000000,ALLOW
2644,0.000000,ALLOW
2645,0.000000,ALLOW
2646,0.000000,ALLOW
2647,0.000000,ALLOW
2648,0.000000,ALLOW
2649,0.000000,ALLOW
2650,0.000000,ALLOW
2651,0.000000,ALLOW
2652,0.000000,ALLOW
2653,0.000000,ALLOW
2654,0.000000,ALLOW
2655,0.000000,ALLOW
2656,0.000000,ALLOW
2657,0.000000,ALLOW
2658,0.000000,ALLOW
2659,0.000000,ALLOW
2660,0.000000,ALLOW
2661,0.000000,ALLOW
2662,0.000000,ALLOW
2663,0.000000,ALLOW
2664,0.000000,ALLOW
2665,0.000000,ALLOW
2666,0.000000,ALLOW
2667,0.000000,ALLOW
2668,0.000000,ALLOW
2669,0.000000,ALLOW
2670,0.000000,ALLOW
2671,3.021351,ALLOW
2672,2.719216,ALLOW
2673,2.447294,ALLOW
2674,2.202565,ALLOW
2675,1.982308,ALLOW
2676,1.784078,ALLOW
2677,1.605670,ALLOW
2678,1.445103,ALLOW
2679,1.300593,ALLOW
2680,1.170533,ALLOW
2681,1.053480,ALLOW
2682,0.948132,ALLOW
2683,0.853319,ALLOW
2684,0.767987,ALLOW
2685,0.691188,ALLOW
2686,0.622069,ALLOW
2687,0.559862,ALLOW
2688,0.503876,ALLOW
2689,0.453489,ALLOW
2690,0.408140,ALLOW
2691,0.367326,ALLOW
2692,0.330593,ALLOW
2693,0.297534,ALLOW
2694,0.267780,ALLOW
2695,0.241002,ALLOW
2696,0.216902,ALLOW
2697,0.195212,ALLOW
2698,0.175691,ALLOW
2699,0.158122,ALLOW
2700,0.142310,ALLOW
2701,0.128079,ALLOW
2702,0.115271,ALLOW
2703,0.103744,ALLOW
2704,0.093369,ALLOW
2705,0.084032,ALLOW
2706,0.075629,ALLOW
2707,0.068066,ALLOW
2708,0.061260,ALLOW
2709,0.055134,ALLOW
2710,0.049620,ALLOW
2711,0.044658,ALLOW
2712,0.040192,ALLOW
2713,0.036173,ALLOW
2714,0.032556,ALLOW
2715,0.029300,ALLOW
2716,0.026370,ALLOW
2717,0.023733,ALLOW
2718,0.021360,ALLOW
2719,0.019224,ALLOW
2720,0.017302,ALLOW
2721,0.015571,ALLOW
2722,0.014014,ALLOW
2723,0.012613,ALLOW
2724,0.011352,ALLOW
2725,0.010216,ALLOW
2726,0.009195,ALLOW
2727,0.008275,ALLOW
2728,0.007448,ALLOW
2729,0.006703,ALLOW
2730,0.006033,ALLOW
2731,0.005429,ALLOW
2732,0.004886,ALLOW
2733,0.004398,ALLOW
2734,0.003958,ALLOW
2735,0.003562,ALLOW
2736,0.003206,ALLOW
2737,0.002885,ALLOW
2738,0.002597,ALLOW
2739,0.002337,ALLOW
2740,0.002103,ALLOW
2741,0.001893,ALLOW
2742,0.001704,ALLOW
2743,0.001533,ALLOW
2744,0.001380,ALLOW
2745,0.001242,ALLOW
2746,0.001118,ALLOW
2747,0.001006,ALLOW
2748,0.000905,ALLOW
2749,0.000815,ALLOW
2750,0.000733,ALLOW
2751,0.000660,ALLOW
2752,0.000594,ALLOW
2753,0.000535,ALLOW
2754,0.000481,ALLOW
2755,0.000433,ALLOW
2756,0.000390,ALLOW
2757,0.000351,ALLOW
2758,0.000316,ALLOW
2759,0.000284,ALLOW
2760,0.000256,ALLOW
2761,0.000230,ALLOW
2762,0.000207,ALLOW
2763,0.000186,ALLOW
2764,0.000168,ALLOW
2765,0.000151,ALLOW
2766,0.000136,ALLOW
2767,0.000122,ALLOW
2768,0.000110,ALLOW
2769,0.000099,ALLOW
2770,0.000089,ALLOW
2771,0.000080,ALLOW
2772,0.000072,ALLOW
2773,0.000065,ALLOW
2774,0.000059,ALLOW
2775,0.000053,ALLOW
2776,0.000047,ALLOW
2777,0.000043,ALLOW
2778,0.000038,ALLOW
2779,0.000035,ALLOW
2780,0.000031,ALLOW
2781,0.000028,ALLOW
2782,0.000025,ALLOW
2783,0.000023,ALLOW
2784,0.000020,ALLOW
2785,0.000018,ALLOW
2786,0.000017,ALLOW
2787,0.000015,ALLOW
2788,0.000013,ALLOW
2789,0.000012,ALLOW
2790,0.000011,ALLOW
2791,0.000010,ALLOW
2792,0.000009,ALLOW
2793,0.000008,ALLOW
2794,0.000007,ALLOW
2795,0.000006,ALLOW
2796,0.000006,ALLOW
2797,0.000005,ALLOW
2798,0.000005,ALLOW
2799,0.000004,ALLOW
2800,0.000004,ALLOW
2801,0.000003,ALLOW
2802,0.000003,ALLOW
2803,0.000003,ALLOW
2804,0.000002,ALLOW
2805,0.000002,ALLOW
2806,0.000002,ALLOW
2807,0.000002,ALLOW
2808,0.000002,ALLOW
2809,0.000001,ALLOW
2810,0.000001,ALLOW
2811,0.000001,ALLOW
2812,0.000001,ALLOW
2813,0.000001,ALLOW
2814,0.000001,ALLOW
2815,0.000001,ALLOW
2816,0.000001,ALLOW
2817,0.000001,ALLOW
2818,0.000001,ALLOW
2819,0.000001,ALLOW
2820,0.000000,ALLOW
2821,0.000000,ALLOW
2822,0.000000,ALLOW
2823,0.000000,ALLOW
2824,0.000000,ALLOW
2825,0.000000,ALLOW
2826,0.000000,ALLOW
2827,0.000000,ALLOW
2828,0.000000,ALLOW
2829,0.000000,ALLOW
2830,0.000000,ALLOW
2831,0.000000,ALLOW
2832,0.000000,ALLOW
2833,0.000000,ALLOW
2834,0.000000,ALLOW
2835,0.000000,ALLOW
2836,0.000000,ALLOW
2837,0.000000,ALLOW
2838,0.000000,ALLOW
2839,0.000000,ALLOW
2840,0.000000,ALLOW
2841,0.000000,ALLOW
2842,0.000000,ALLOW
2843,0.000000,ALLOW
2844,0.000000,ALLOW
2845,0.000000,ALLOW
2846,0.000000,ALLOW
2847,0.000000,ALLOW
2848,0.000000,ALLOW
2849,0.000000,ALLOW
2850,0.000000,ALLOW
2851,0.000000,ALLOW
2852,0.000000,ALLOW
2853,0.000000,ALLOW
2854,0.000000,ALLOW
2855,0.000000,ALLOW
2856,0.000000,ALLOW
2857,0.000000,ALLOW
2858,0.000000,ALLOW
2859,0.000000,ALLOW
2860,0.000000,ALLOW
2861,0.000000,ALLOW
2862,0.000000,ALLOW
2863,0.000000,ALLOW
2864,0.000000,ALLOW
2865,0.000000,ALLOW
2866,0.000000,ALLOW
2867,0.000000,ALLOW
2868,0.000000,ALLOW
2869,0.000000,ALLOW
2870,0.000000,ALLOW
2871,0.000000,ALLOW
2872,0.000000,ALLOW
2873,0.000000,ALLOW
2874,0.000000,ALLOW
2875,0.000000,ALLOW
2876,0.000000,ALLOW
2877,0.000000,ALLOW
2878,0.000000,ALLOW
2879,0.000000,ALLOW
2880,0.000000,ALLOW
2881,0.000000,ALLOW
2882,0.000000,ALLOW
2883,0.000000,ALLOW
2884,0.000000,ALLOW
2885,0.000000,ALLOW
2886,0.000000,ALLOW
2887,0.000000,ALLOW
2888,0.000000,ALLOW
2889,0.000000,ALLOW
2890,0.000000,ALLOW
2891,0.000000,ALLOW
2892,0.000000,ALLOW
2893,0.000000,ALLOW
2894,0.000000,ALLOW
2895,0.000000,ALLOW
2896,0.000000,ALLOW
2897,0.000000,ALLOW
2898,0.000000,ALLOW
2899,0.000000,ALLOW
2900,0.000000,ALLOW
2901,0.000000,ALLOW
2902,0.000000,ALLOW
2903,0.000000,ALLOW
2904,0.000000,ALLOW
2905,0.000000,ALLOW
2906,0.000000,ALLOW
2907,0.000000,ALLOW
2908,0.000000,ALLOW
2909,0.000000,ALLOW
2910,0.000000,ALLOW
2911,0.000000,ALLOW
2912,0.000000,ALLOW
2913,0.000000,ALLOW
2914,0.000000,ALLOW
2915,0.000000,ALLOW
2916,0.000000,ALLOW
2917,0.000000,ALLOW
2918,0.000000,ALLOW
2919,0.000000,ALLOW
2920,0.000000,ALLOW
2921,0.000000,ALLOW
2922,0.000000,ALLOW
2923,0.000000,ALLOW
2924,0.000000,ALLOW
2925,0.000000,ALLOW
2926,0.000000,ALLOW
2927,0.000000,ALLOW
2928,0.000000,ALLOW
2929,0.000000,ALLOW
2930,0.000000,ALLOW
2931,0.000000,ALLOW
2932,0.000000,ALLOW
2933,0.000000,ALLOW
2934,0.000000,ALLOW
2935,0.000000,ALLOW
2936,0.000000,ALLOW
2937,0.000000,ALLOW
2938,0.000000,ALLOW
2939,0.000000,ALLOW
2940,0.000000,ALLOW
2941,0.000000,ALLOW
2942,0.000000,ALLOW
2943,0.000000,ALLOW
2944,0.000000,ALLOW
2945,0.000000,ALLOW
2946,0.000000,ALLOW
2947,0.000000,ALLOW
2948,0.000000,ALLOW
2949,0.000000,ALLOW
2950,0.000000,ALLOW
2951,0.000000,ALLOW
2952,0.000000,ALLOW
2953,0.000000,ALLOW
2954,0.000000,ALLOW
2955,0.000000,ALLOW
2956,0.000000,ALLOW
2957,0.000000,ALLOW
2958,0.000000,ALLOW
2959,0.000000,ALLOW
2960,0.000000,ALLOW
2961,0.000000,ALLOW
2962,0.000000,ALLOW
2963,0.000000,ALLOW
2964,0.000000,ALLOW
2965,0.000000,ALLOW
2966,0.000000,ALLOW
2967,0.000000,ALLOW
2968,0.000000,ALLOW
2969,0.000000,ALLOW
2970,0.000000,ALLOW
2971,0.000000,ALLOW
2972,0.000000,ALLOW
2973,0.000000,ALLOW
2974,0.000000,ALLOW
2975,0.000000,ALLOW
2976,0.000000,ALLOW
2977,0.000000,ALLOW
2978,0.000000,ALLOW
2979,0.000000,ALLOW
2980,0.000000,ALLOW
2981,0.000000,ALLOW
2982,0.000000,ALLOW
2983,0.000000,ALLOW
2984,0.000000,ALLOW
2985,0.000000,ALLOW
2986,0.000000,ALLOW
2987,0.000000,ALLOW
2988,0.000000,ALLOW
2989,0.000000,ALLOW
2990,0.000000,ALLOW
2991,0.000000,ALLOW
2992,0.000000,ALLOW
2993,0.000000,ALLOW
2994,0.000000,ALLOW
2995,0.000000,ALLOW
2996,0.000000,ALLOW
2997,0.000000,ALLOW
2998,0.000000,ALLOW
2999,0.000000,ALLOW
3000,0.000000,ALLOW
3001,0.000000,ALLOW
3002,0.000000,ALLOW
3003,0.000000,ALLOW
3004,0.000000,ALLOW
3005,0.000000,ALLOW
3006,0.000000,ALLOW
3007,0.000000,ALLOW
3008,0.000000,ALLOW
3009,0.000000,ALLOW
3010,0.000000,ALLOW
3011,0.000000,ALLOW
3012,0.000000,ALLOW
3013,0.000000,ALLOW
3014,0.000000,ALLOW
3015,0.000000,ALLOW
3016,0.000000,ALLOW
3017,0.000000,ALLOW
3018,0.000000,ALLOW
3019,0.000000,ALLOW
3020,0.000000,ALLOW
3021,0.000000,ALLOW
3022,0.000000,ALLOW
3023,0.000000,ALLOW
3024,0.000000,ALLOW
3025,0.000000,ALLOW
3026,0.000000,ALLOW
3027,0.000000,ALLOW
3028,0.000000,ALLOW
3029,0.000000,ALLOW
3030,0.000000,ALLOW
3031,0.000000,ALLOW
3032,0.000000,ALLOW
3033,0.000000,ALLOW
3034,0.000000,ALLOW
3035,0.000000,ALLOW
3036,0.000000,ALLOW
3037,0.000000,ALLOW
3038,0.000000,ALLOW
3039,0.000000,ALLOW
3040,0.000000,ALLOW
3041,0.000000,ALLOW
3042,0.000000,ALLOW
3043,0.000000,ALLOW
3044,0.000000,ALLOW
3045,0.000000,ALLOW
3046,0.000000,ALLOW
3047,0.000000,ALLOW
3048,0.000000,ALLOW
3049,0.000000,ALLOW
3050,0.000000,ALLOW
3051,0.000000,ALLOW
3052,0.000000,ALLOW
3053,0.000000,ALLOW
3054,0.000000,ALLOW
3055,0.000000,ALLOW
3056,0.000000,ALLOW
3057,0.000000,ALLOW
3058,0.000000,ALLOW
3059,0.000000,ALLOW
3060,0.000000,ALLOW
3061,0.000000,ALLOW
3062,0.000000,ALLOW
3063,0.000000,ALLOW
3064,0.000000,ALLOW
3065,0.000000,ALLOW
3066,0.000000,ALLOW
3067,0.000000,ALLOW
3068,0.000000,ALLOW
3069,0.000000,ALLOW
3070,0.000000,ALLOW
3071,0.000000,ALLOW
3072,0.000000,ALLOW
3073,0.000000,ALLOW
3074,0.000000,ALLOW
3075,0.000000,ALLOW
3076,0.000000,ALLOW
3077,0.000000,ALLOW
3078,0.000000,ALLOW
3079,0.000000,ALLOW
3080,0.000000,ALLOW
3081,0.000000,ALLOW
3082,0.000000,ALLOW
3083,0.000000,ALLOW
3084,0.000000,ALLOW
3085,0.000000,ALLOW
3086,0.000000,ALLOW
3087,0.000000,ALLOW
3088,0.000000,ALLOW
3089,0.000000,ALLOW
3090,0.000000,ALLOW
3091,0.000000,ALLOW
3092,0.000000,ALLOW
3093,0.000000,ALLOW
3094,0.000000,ALLOW
3095,0.000000,ALLOW
3096,0.000000,ALLOW
3097,0.000000,ALLOW
3098,0.000000,ALLOW
3099,0.000000,ALLOW
3100,0.000000,ALLOW
3101,0.000000,ALLOW
3102,0.000000,ALLOW
3103,0.000000,ALLOW
3104,0.000000,ALLOW
3105,0.000000,ALLOW
3106,0.000000,ALLOW
3107,0.000000,ALLOW
3108,0.000000,ALLOW
3109,0.000000,ALLOW
3110,0.000000,ALLOW
3111,0.000000,ALLOW
3112,0.000000,ALLOW
3113,0.000000,ALLOW
3114,0.000000,ALLOW
3115,0.000000,ALLOW
3116,0.000000,ALLOW
3117,0.000000,ALLOW
3118,0.000000,ALLOW
3119,0.000000,ALLOW
3120,0.000000,ALLOW
3121,0.000000,ALLOW
3122,0.000000,ALLOW
3123,0.000000,ALLOW
3124,0.000000,ALLOW
3125,0.000000,ALLOW
3126,0.000000,ALLOW
3127,0.000000,ALLOW
3128,0.000000,ALLOW
3129,0.000000,ALLOW
3130,0.000000,ALLOW
3131,0.000000,ALLOW
3132,0.000000,ALLOW
3133,0.000000,ALLOW
3134,0.000000,ALLOW
3135,0.000000,ALLOW
3136,0.000000,ALLOW
3137,0.000000,ALLOW
3138,0.000000,ALLOW
3139,0.000000,ALLOW
3140,0.000000,ALLOW
3141,0.000000,ALLOW
3142,0.000000,ALLOW
3143,0.000000,ALLOW
3144,0.000000,ALLOW
3145,0.000000,ALLOW
3146,0.000000,ALLOW
3147,0.000000,ALLOW
3148,0.000000,ALLOW
3149,0.000000,ALLOW
3150,0.000000,ALLOW
3151,0.000000,ALLOW
3152,0.000000,ALLOW
3153,0.000000,ALLOW
3154,0.000000,ALLOW
3155,0.000000,ALLOW
3156,0.000000,ALLOW
3157,0.000000,ALLOW
3158,0.000000,ALLOW
3159,0.000000,ALLOW
3160,0.000000,ALLOW
3161,0.000000,ALLOW
3162,0.000000,ALLOW
3163,0.000000,ALLOW
3164,0.000000,ALLOW
3165,0.000000,ALLOW
3166,0.000000,ALLOW
3167,0.000000,ALLOW
3168,0.000000,ALLOW
3169,0.000000,ALLOW
3170,0.000000,ALLOW
3171,0.000000,ALLOW
3172,0.000000,ALLOW
3173,0.000000,ALLOW
3174,0.000000,ALLOW
3175,0.000000,ALLOW
3176,0.000000,ALLOW
3177,0.000000,ALLOW
3178,0.000000,ALLOW
3179,0.000000,ALLOW
3180,0.000000,ALLOW
3181,0.000000,ALLOW
3182,0.000000,ALLOW
3183,0.000000,ALLOW
3184,0.000000,ALLOW
3185,0.000000,ALLOW
3186,0.000000,ALLOW
3187,0.000000,ALLOW
3188,0.000000,ALLOW
3189,0.000000,ALLOW
3190,0.000000,ALLOW
3191,0.000000,ALLOW
3192,0.000000,ALLOW
3193,0.000000,ALLOW
3194,0.000000,ALLOW
3195,0.000000,ALLOW
3196,0.000000,ALLOW
3197,0.000000,ALLOW
3198,0.000000,ALLOW
3199,0.000000,ALLOW
3200,0.000000,ALLOW
3201,0.000000,ALLOW
3202,0.000000,ALLOW
3203,0.000000,ALLOW
3204,0.000000,ALLOW
3205,0.000000,ALLOW
3206,0.000000,ALLOW
3207,0.000000,ALLOW
3208,0.000000,ALLOW
3209,0.000000,ALLOW
3210,0.000000,ALLOW
3211,0.000000,ALLOW
3212,0.000000,ALLOW
3213,0.000000,ALLOW
3214,0.000000,ALLOW
3215,0.000000,ALLOW
3216,0.000000,ALLOW
3217,0.000000,ALLOW
3218,0.000000,ALLOW
3219,0.000000,ALLOW
3220,0.000000,ALLOW
3221,0.000000,ALLOW
3222,0.000000,ALLOW
3223,0.000000,ALLOW
3224,0.000000,ALLOW
3225,0.000000,ALLOW
3226,0.000000,ALLOW
3227,0.000000,ALLOW
3228,0.000000,ALLOW
3229,0.000000,ALLOW
3230,0.000000,ALLOW
3231,0.000000,ALLOW
3232,0.000000,ALLOW
3233,0.000000,ALLOW
3234,0.000000,ALLOW
3235,0.000000,ALLOW
3236,0.000000,ALLOW
3237,0.000000,ALLOW
3238,0.000000,ALLOW
3239,0.000000,ALLOW
3240,0.000000,ALLOW
3241,0.000000,ALLOW
3242,0.000000,ALLOW
3243,0.000000,ALLOW
3244,0.000000,ALLOW
3245,0.000000,ALLOW
3246,0.000000,ALLOW
3247,0.000000,ALLOW
3248,0.000000,ALLOW
3249,0.000000,ALLOW
3250,0.000000,ALLOW
3251,0.000000,ALLOW
3252,0.000000,ALLOW
3253,0.000000,ALLOW
3254,0.000000,ALLOW
3255,0.000000,ALLOW
3256,0.000000,ALLOW
3257,0.000000,ALLOW
3258,0.000000,ALLOW
3259,0.000000,ALLOW
3260,0.000000,ALLOW
3261,0.000000,ALLOW
3262,0.000000,ALLOW
3263,0.000000,ALLOW
3264,0.000000,ALLOW
3265,0.000000,ALLOW
3266,0.000000,ALLOW
3267,0.000000,ALLOW
3268,0.000000,ALLOW
3269,0.000000,ALLOW
3270,0.000000,ALLOW
3271,0.000000,ALLOW
3272,0.000000,ALLOW
3273,0.000000,ALLOW
3274,0.000000,ALLOW
3275,0.000000,ALLOW
3276,0.000000,ALLOW
3277,0.000000,ALLOW
3278,0.000000,ALLOW
3279,0.000000,ALLOW
3280,0.000000,ALLOW
3281,0.000000,ALLOW
3282,0.000000,ALLOW
3283,0.000000,ALLOW
3284,0.000000,ALLOW
3285,0.000000,ALLOW
3286,0.000000,ALLOW
3287,0.000000,ALLOW
3288,0.000000,ALLOW
3289,0.000000,ALLOW
3290,0.000000,ALLOW
3291,0.000000,ALLOW
3292,0.000000,ALLOW
3293,0.000000,ALLOW
3294,0.000000,ALLOW
3295,0.000000,ALLOW
3296,0.000000,ALLOW
3297,0.000000,ALLOW
3298,0.000000,ALLOW
3299,0.000000,ALLOW
3300,0.000000,ALLOW
3301,0.000000,ALLOW
3302,0.000000,ALLOW
3303,0.000000,ALLOW
3304,0.000000,ALLOW
3305,0.000000,ALLOW
3306,0.000000,ALLOW
3307,0.000000,ALLOW
3308,0.000000,ALLOW
3309,0.000000,ALLOW
3310,0.000000,ALLOW
3311,0.000000,ALLOW
3312,0.000000,ALLOW
3313,0.000000,ALLOW
3314,0.000000,ALLOW
3315,0.000000,ALLOW
3316,0.000000,ALLOW
3317,0.000000,ALLOW
3318,0.000000,ALLOW
3319,0.000000,ALLOW
3320,0.000000,ALLOW
3321,0.000000,ALLOW
3322,0.000000,ALLOW
3323,0.000000,ALLOW
3324,0.000000,ALLOW
3325,0.000000,ALLOW
3326,0.000000,ALLOW
3327,0.000000,ALLOW
3328,0.000000,ALLOW
3329,0.000000,ALLOW
3330,0.000000,ALLOW
3331,0.000000,ALLOW
3332,0.000000,ALLOW
3333,0.000000,ALLOW
3334,0.000000,ALLOW
3335,0.000000,ALLOW
3336,0.000000,ALLOW
3337,0.000000,ALLOW
3338,0.000000,ALLOW
3339,0.000000,ALLOW
3340,0.000000,ALLOW
3341,0.000000,ALLOW
3342,0.000000,ALLOW
3343,0.000000,ALLOW
3344,0.000000,ALLOW
3345,0.000000,ALLOW
3346,0.000000,ALLOW
3347,0.000000,ALLOW
3348,0.000000,ALLOW
3349,0.000000,ALLOW
3350,0.000000,ALLOW
3351,0.000000,ALLOW
3352,0.000000,ALLOW
3353,0.000000,ALLOW
3354,0.000000,ALLOW
3355,0.000000,ALLOW
3356,0.000000,ALLOW
3357,0.000000,ALLOW
3358,0.000000,ALLOW
3359,0.000000,ALLOW
3360,0.000000,ALLOW
3361,0.000000,ALLOW
3362,0.000000,ALLOW
3363,0.000000,ALLOW
3364,0.000000,ALLOW
3365,0.000000,ALLOW
3366,0.000000,ALLOW
3367,0.000000,ALLOW
3368,0.000000,ALLOW
3369,0.000000,ALLOW
3370,0.000000,ALLOW
3371,0.000000,ALLOW
3372,0.000000,ALLOW
3373,0.000000,ALLOW
3374,0.000000,ALLOW
3375,0.000000,ALLOW
3376,0.000000,ALLOW
3377,0.000000,ALLOW
3378,0.000000,ALLOW
3379,0.000000,ALLOW
3380,0.000000,ALLOW
3381,0.000000,ALLOW
3382,0.000000,ALLOW
3383,0.000000,ALLOW
3384,0.000000,ALLOW
3385,0.000000,ALLOW
3386,0.000000,ALLOW
3387,0.000000,ALLOW
3388,0.000000,ALLOW
3389,0.000000,ALLOW
3390,0.000000,ALLOW
3391,0.000000,ALLOW
3392,0.000000,ALLOW
3393,0.000000,ALLOW
3394,0.000000,ALLOW
3395,0.000000,ALLOW
3396,0.000000,ALLOW
3397,0.000000,ALLOW
3398,0.000000,ALLOW
3399,0.000000,ALLOW
3400,0.000000,ALLOW
3401,0.000000,ALLOW
3402,0.000000,ALLOW
3403,0.000000,ALLOW
3404,0.000000,ALLOW
3405,0.000000,ALLOW
3406,0.000000,ALLOW
3407,0.000000,ALLOW
3408,0.000000,ALLOW
3409,0.000000,ALLOW
3410,0.000000,ALLOW
3411,0.000000,ALLOW
3412,0.000000,ALLOW
3413,0.000000,ALLOW
3414,0.000000,ALLOW
3415,0.000000,ALLOW
3416,0.000000,ALLOW
3417,0.000000,ALLOW
3418,0.000000,ALLOW
3419,0.000000,ALLOW
3420,0.000000,ALLOW
3421,0.000000,ALLOW
3422,0.000000,ALLOW
3423,0.000000,ALLOW
3424,0.000000,ALLOW
3425,0.000000,ALLOW
3426,0.000000,ALLOW
3427,0.000000,ALLOW
3428,0.000000,ALLOW
3429,0.000000,ALLOW
3430,0.000000,ALLOW
3431,0.000000,ALLOW
3432,0.000000,ALLOW
3433,0.000000,ALLOW
3434,0.000000,ALLOW
3435,0.000000,ALLOW
3436,0.000000,ALLOW
3437,0.000000,ALLOW
3438,0.000000,ALLOW
3439,0.000000,ALLOW
3440,0.000000,ALLOW
3441,0.000000,ALLOW
3442,0.000000,ALLOW
3443,0.000000,ALLOW
3444,0.000000,ALLOW
3445,0.000000,ALLOW
3446,0.000000,ALLOW
3447,0.000000,ALLOW
3448,0.000000,ALLOW
3449,0.000000,ALLOW
3450,0.000000,ALLOW
3451,0.000000,ALLOW
3452,0.000000,ALLOW
3453,0.000000,ALLOW
3454,0.000000,ALLOW
3455,0.000000,ALLOW
3456,0.000000,ALLOW
3457,0.000000,ALLOW
3458,0.000000,ALLOW
3459,0.000000,ALLOW
3460,0.000000,ALLOW
3461,0.000000,ALLOW
3462,0.000000,ALLOW
3463,0.000000,ALLOW
3464,0.000000,ALLOW
3465,0.000000,ALLOW
3466,0.000000,ALLOW
3467,0.000000,ALLOW
3468,0.000000,ALLOW
3469,0.000000,ALLOW
3470,0.000000,ALLOW
3471,0.000000,ALLOW
3472,0.000000,ALLOW
3473,0.000000,ALLOW
3474,0.000000,ALLOW
3475,0.000000,ALLOW
3476,0.000000,ALLOW
3477,0.000000,ALLOW
3478,0.000000,ALLOW
3479,0.000000,ALLOW
3480,0.000000,ALLOW
3481,0.000000,ALLOW
3482,0.000000,ALLOW
3483,0.000000,ALLOW
3484,0.000000,ALLOW
3485,0.000000,ALLOW
3486,0.000000,ALLOW
3487,0.000000,ALLOW
3488,0.000000,ALLOW
3489,0.000000,ALLOW
3490,0.000000,ALLOW
3491,0.000000,ALLOW
3492,0.000000,ALLOW
3493,0.000000,ALLOW
3494,0.000000,ALLOW
3495,0.000000,ALLOW
3496,0.000000,ALLOW
3497,0.000000,ALLOW
3498,0.000000,ALLOW
3499,0.000000,ALLOW
3500,0.000000,ALLOW
3501,0.000000,ALLOW
3502,0.000000,ALLOW
3503,0.000000,ALLOW
3504,0.000000,ALLOW
3505,0.000000,ALLOW
3506,0.000000,ALLOW
3507,0.000000,ALLOW
3508,0.000000,ALLOW
3509,0.000000,ALLOW
3510,0.000000,ALLOW
3511,0.000000,ALLOW
3512,0.000000,ALLOW
3513,0.000000,ALLOW
3514,0.000000,ALLOW
3515,0.000000,ALLOW
3516,0.000000,ALLOW
3517,0.000000,ALLOW
3518,0.000000,ALLOW
3519,0.000000,ALLOW
3520,0.000000,ALLOW
3521,0.000000,ALLOW
3522,0.000000,ALLOW
3523,0.000000,ALLOW
3524,0.000000,ALLOW
3525,0.000000,ALLOW
3526,0.000000,ALLOW
3527,0.000000,ALLOW
3528,0.000000,ALLOW
3529,0.000000,ALLOW
3530,0.000000,ALLOW
3531,0.000000,ALLOW
3532,0.000000,ALLOW
3533,0.000000,ALLOW
3534,0.000000,ALLOW
3535,0.000000,ALLOW
3536,0.000000,ALLOW
3537,0.000000,ALLOW
3538,0.000000,ALLOW
3539,0.000000,ALLOW
3540,0.000000,ALLOW
3541,0.000000,ALLOW
3542,0.000000,ALLOW
3543,0.000000,ALLOW
3544,0.000000,ALLOW
3545,0.000000,ALLOW
3546,0.000000,ALLOW
3547,0.000000,ALLOW
3548,0.000000,ALLOW
3549,0.000000,ALLOW
3550,0.000000,ALLOW
3551,0.000000,ALLOW
3552,0.000000,ALLOW
3553,0.000000,ALLOW
3554,0.000000,ALLOW
3555,0.000000,ALLOW
3556,0.000000,ALLOW
3557,0.000000,ALLOW
3558,0.000000,ALLOW
3559,0.000000,ALLOW
3560,0.000000,ALLOW
3561,0.000000,ALLOW
3562,0.000000,ALLOW
3563,0.000000,ALLOW
3564,0.000000,ALLOW
3565,0.000000,ALLOW
3566,0.000000,ALLOW
3567,0.000000,ALLOW
3568,0.000000,ALLOW
3569,0.000000,ALLOW
3570,0.000000,ALLOW
3571,0.000000,ALLOW
3572,0.000000,ALLOW
3573,0.000000,ALLOW
3574,0.000000,ALLOW
3575,0.000000,ALLOW
3576,0.000000,ALLOW
3577,0.000000,ALLOW
3578,0.000000,ALLOW
3579,0.000000,ALLOW
3580,0.000000,ALLOW
3581,0.000000,ALLOW
3582,0.000000,ALLOW
3583,0.000000,ALLOW
3584,0.000000,ALLOW
3585,0.000000,ALLOW
3586,0.000000,ALLOW
3587,0.000000,ALLOW
3588,0.000000,ALLOW
3589,0.000000,ALLOW
3590,0.000000,ALLOW
3591,0.000000,ALLOW
3592,0.000000,ALLOW
3593,0.000000,ALLOW
3594,0.000000,ALLOW
3595,0.000000,ALLOW
3596,0.000000,ALLOW
3597,0.000000,ALLOW
3598,0.000000,ALLOW
3599,0.000000,ALLOW
3600,0.000000,ALLOW
3601,0.000000,ALLOW
3602,0.000000,ALLOW
3603,0.000000,ALLOW
3604,0.000000,ALLOW
3605,0.000000,ALLOW
3606,0.000000,ALLOW
3607,0.000000,ALLOW
3608,0.000000,ALLOW
3609,0.000000,ALLOW
3610,0.000000,ALLOW
3611,0.000000,ALLOW
3612,0.000000,ALLOW
3613,0.000000,ALLOW
3614,0.000000,ALLOW
3615,0.000000,ALLOW
3616,0.000000,ALLOW
3617,0.000000,ALLOW
3618,0.000000,ALLOW
3619,0.000000,ALLOW
3620,0.000000,ALLOW
3621,0.000000,ALLOW
3622,0.000000,ALLOW
3623,0.000000,ALLOW
3624,0.000000,ALLOW
3625,0.000000,ALLOW
3626,0.000000,ALLOW
3627,0.000000,ALLOW
3628,0.000000,ALLOW
3629,0.000000,ALLOW
3630,0.000000,ALLOW
3631,0.000000,ALLOW
3632,0.000000,ALLOW
3633,0.000000,ALLOW
3634,0.000000,ALLOW
3635,0.000000,ALLOW
3636,0.000000,ALLOW
3637,0.000000,ALLOW
3638,0.000000,ALLOW
3639,0.000000,ALLOW
3640,0.000000,ALLOW
3641,0.000000,ALLOW
3642,0.000000,ALLOW
3643,0.000000,ALLOW
3644,0.000000,ALLOW
3645,0.000000,ALLOW
3646,0.000000,ALLOW
3647,0.000000,ALLOW
3648,0.000000,ALLOW
3649,0.000000,ALLOW
3650,0.000000,ALLOW
3651,0.000000,ALLOW
3652,0.000000,ALLOW
3653,0.000000,ALLOW
3654,0.000000,ALLOW
3655,0.000000,ALLOW
3656,0.000000,ALLOW
3657,0.000000,ALLOW
3658,0.000000,ALLOW
3659,0.000000,ALLOW
3660,0.000000,ALLOW
3661,0.000000,ALLOW
3662,0.000000,ALLOW
3663,0.000000,ALLOW
3664,0.000000,ALLOW
3665,0.000000,ALLOW
3666,0.000000,ALLOW
3667,0.000000,ALLOW
3668,0.000000,ALLOW
3669,0.000000,ALLOW
3670,0.000000,ALLOW
3671,0.000000,ALLOW
3672,0.000000,ALLOW
3673,0.000000,ALLOW
3674,0.000000,ALLOW
3675,0.000000,ALLOW
3676,0.000000,ALLOW
3677,0.000000,ALLOW
3678,0.000000,ALLOW
3679,0.000000,ALLOW
3680,0.000000,ALLOW
3681,0.000000,ALLOW
3682,0.000000,ALLOW
3683,0.000000,ALLOW
3684,0.000000,ALLOW
3685,0.000000,ALLOW
3686,0.000000,ALLOW
3687,0.000000,ALLOW
3688,0.000000,ALLOW
3689,0.000000,ALLOW
3690,0.000000,ALLOW
3691,0.000000,ALLOW
3692,0.000000,ALLOW
3693,0.000000,ALLOW
3694,0.000000,ALLOW
3695,0.000000,ALLOW
3696,0.000000,ALLOW
3697,0.000000,ALLOW
3698,0.000000,ALLOW
3699,0.000000,ALLOW
3700,0.000000,ALLOW
3701,0.000000,ALLOW
3702,0.000000,ALLOW
3703,0.000000,ALLOW
3704,0.000000,ALLOW
3705,0.000000,ALLOW
3706,0.000000,ALLOW
3707,0.000000,ALLOW
3708,0.000000,ALLOW
3709,0.000000,ALLOW
3710,0.000000,ALLOW
3711,0.000000,ALLOW
3712,0.000000,ALLOW
3713,0.000000,ALLOW
3714,0.000000,ALLOW
3715,0.000000,ALLOW
3716,0.000000,ALLOW
3717,0.000000,ALLOW
3718,0.000000,ALLOW
3719,0.000000,ALLOW
3720,0.000000,ALLOW
3721,0.000000,ALLOW
3722,0.000000,ALLOW
3723,0.000000,ALLOW
3724,0.000000,ALLOW
3725,0.000000,ALLOW
3726,0.000000,ALLOW
3727,0.000000,ALLOW
3728,0.000000,ALLOW
3729,0.000000,ALLOW
3730,0.000000,ALLOW
3731,0.000000,ALLOW
3732,0.000000,ALLOW
3733,0.000000,ALLOW
3734,0.000000,ALLOW
3735,0.000000,ALLOW
3736,0.000000,ALLOW
3737,0.000000,ALLOW
3738,0.000000,ALLOW
3739,0.000000,ALLOW
3740,0.000000,ALLOW
3741,0.000000,ALLOW
3742,0.000000,ALLOW
3743,0.000000,ALLOW
3744,0.000000,ALLOW
3745,0.000000,ALLOW
3746,0.000000,ALLOW
3747,0.000000,ALLOW
3748,0.000000,ALLOW
3749,0.000000,ALLOW
3750,0.000000,ALLOW
3751,0.000000,ALLOW
3752,0.000000,ALLOW
3753,0.000000,ALLOW
3754,0.000000,ALLOW
3755,0.000000,ALLOW
3756,0.000000,ALLOW
3757,0.000000,ALLOW
3758,0.000000,ALLOW
3759,0.000000,ALLOW
3760,0.000000,ALLOW
3761,0.000000,ALLOW
3762,0.000000,ALLOW
3763,0.000000,ALLOW
3764,0.000000,ALLOW
3765,0.000000,ALLOW
3766,0.000000,ALLOW
3767,0.000000,ALLOW
3768,0.000000,ALLOW
3769,0.000000,ALLOW
3770,0.000000,ALLOW
3771,0.000000,ALLOW
3772,0.000000,ALLOW
3773,0.000000,ALLOW
3774,0.000000,ALLOW
3775,0.000000,ALLOW
3776,0.000000,ALLOW
3777,0.000000,ALLOW
3778,0.000000,ALLOW
3779,0.000000,ALLOW
3780,0.000000,ALLOW
3781,0.000000,ALLOW
3782,0.000000,ALLOW
3783,0.000000,ALLOW
3784,0.000000,ALLOW
3785,0.000000,ALLOW
3786,0.000000,ALLOW
3787,0.000000,ALLOW
3788,0.000000,ALLOW
3789,0.000000,ALLOW
3790,0.000000,ALLOW
3791,0.000000,ALLOW
3792,0.000000,ALLOW
3793,0.000000,ALLOW
3794,0.000000,ALLOW
3795,0.000000,ALLOW
3796,0.000000,ALLOW
3797,0.000000,ALLOW
3798,0.000000,ALLOW
3799,0.000000,ALLOW
3800,0.000000,ALLOW
3801,0.000000,ALLOW
3802,0.000000,ALLOW
3803,0.000000,ALLOW
3804,0.000000,ALLOW
3805,0.000000,ALLOW
3806,0.000000,ALLOW
3807,0.000000,ALLOW
3808,0.000000,ALLOW
3809,0.000000,ALLOW
3810,0.000000,ALLOW
3811,0.000000,ALLOW
3812,0.000000,ALLOW
3813,0.000000,ALLOW
3814,0.000000,ALLOW
3815,0.000000,ALLOW
3816,0.000000,ALLOW
3817,0.000000,ALLOW
3818,0.000000,ALLOW
3819,0.000000,ALLOW
3820,0.000000,ALLOW
3821,0.000000,ALLOW
3822,0.000000,ALLOW
3823,0.000000,ALLOW
3824,0.000000,ALLOW
3825,0.000000,ALLOW
3826,0.000000,ALLOW
3827,0.000000,ALLOW
3828,0.000000,ALLOW
3829,0.000000,ALLOW
3830,0.000000,ALLOW
3831,0.000000,ALLOW
3832,0.000000,ALLOW
3833,0.000000,ALLOW
3834,0.000000,ALLOW
3835,0.000000,ALLOW
3836,0.000000,ALLOW
3837,0.000000,ALLOW
3838,0.000000,ALLOW
3839,0.000000,ALLOW
3840,0.000000,ALLOW
3841,0.000000,ALLOW
3842,0.000000,ALLOW
3843,0.000000,ALLOW
3844,0.000000,ALLOW
3845,0.000000,ALLOW
3846,0.000000,ALLOW
3847,0.000000,ALLOW
3848,0.000000,ALLOW
3849,0.000000,ALLOW
3850,0.000000,ALLOW
3851,0.000000,ALLOW
3852,0.000000,ALLOW
3853,0.000000,ALLOW
3854,0.000000,ALLOW
3855,0.000000,ALLOW
3856,0.000000,ALLOW
3857,0.000000,ALLOW
3858,0.000000,ALLOW
3859,0.000000,ALLOW
3860,0.000000,ALLOW
3861,0.000000,ALLOW
3862,0.000000,ALLOW
3863,0.000000,ALLOW
3864,0.000000,ALLOW
3865,0.000000,ALLOW
3866,0.000000,ALLOW
3867,0.000000,ALLOW
3868,0.000000,ALLOW
3869,0.000000,ALLOW
3870,0.000000,ALLOW
3871,0.000000,ALLOW
3872,0.000000,ALLOW
3873,0.000000,ALLOW
3874,0.000000,ALLOW
3875,0.000000,ALLOW
3876,0.000000,ALLOW
3877,0.000000,ALLOW
3878,0.000000,ALLOW
3879,0.000000,ALLOW
3880,0.000000,ALLOW
3881,0.000000,ALLOW
3882,0.000000,ALLOW
3883,0.000000,ALLOW
3884,0.000000,ALLOW
3885,0.000000,ALLOW
3886,0.000000,ALLOW
3887,0.000000,ALLOW
3888,0.000000,ALLOW
3889,0.000000,ALLOW
3890,0.000000,ALLOW
3891,0.000000,ALLOW
3892,0.000000,ALLOW
3893,0.000000,ALLOW
3894,0.000000,ALLOW
3895,0.000000,ALLOW
3896,0.000000,ALLOW
3897,0.000000,ALLOW
3898,0.000000,ALLOW
3899,0.000000,ALLOW
3900,0.000000,ALLOW
3901,0.000000,ALLOW
3902,0.000000,ALLOW
3903,0.000000,ALLOW
3904,0.000000,ALLOW
3905,0.000000,ALLOW
3906,0.000000,ALLOW
3907,0.000000,ALLOW
3908,0.000000,ALLOW
3909,0.000000,ALLOW
3910,0.000000,ALLOW
3911,0.000000,ALLOW
3912,0.000000,ALLOW
3913,0.000000,ALLOW
3914,0.000000,ALLOW
3915,0.000000,ALLOW
3916,0.000000,ALLOW
3917,0.000000,ALLOW
3918,0.000000,ALLOW
3919,0.000000,ALLOW
3920,0.000000,ALLOW
3921,0.000000,ALLOW
3922,0.000000,ALLOW
3923,0.000000,ALLOW
3924,0.000000,ALLOW
3925,0.000000,ALLOW
3926,0.000000,ALLOW
3927,0.000000,ALLOW
3928,0.000000,ALLOW
3929,0.000000,ALLOW
3930,0.000000,ALLOW
3931,0.000000,ALLOW
3932,0.000000,ALLOW
3933,0.000000,ALLOW
3934,0.000000,ALLOW
3935,0.000000,ALLOW
3936,0.000000,ALLOW
3937,0.000000,ALLOW
3938,0.000000,ALLOW
3939,0.000000,ALLOW
3940,0.000000,ALLOW
3941,0.000000,ALLOW
3942,0.000000,ALLOW
3943,0.000000,ALLOW
3944,0.000000,ALLOW
3945,0.000000,ALLOW
3946,0.000000,ALLOW
3947,0.000000,ALLOW
3948,0.000000,ALLOW
3949,0.000000,ALLOW
3950,0.000000,ALLOW
3951,0.000000,ALLOW
3952,0.000000,ALLOW
3953,0.000000,ALLOW
3954,0.000000,ALLOW
3955,0.000000,ALLOW
3956,0.000000,ALLOW
3957,0.000000,ALLOW
3958,0.000000,ALLOW
3959,0.000000,ALLOW
3960,0.000000,ALLOW
3961,0.000000,ALLOW
3962,0.000000,ALLOW
3963,0.000000,ALLOW
3964,0.000000,ALLOW
3965,0.000000,ALLOW
3966,0.000000,ALLOW
3967,0.000000,ALLOW
3968,0.000000,ALLOW
3969,0.000000,ALLOW
3970,0.000000,ALLOW
3971,0.000000,ALLOW
3972,0.000000,ALLOW
3973,0.000000,ALLOW
3974,0.000000,ALLOW
3975,0.000000,ALLOW
3976,0.000000,ALLOW
3977,0.000000,ALLOW
3978,0.000000,ALLOW
3979,0.000000,ALLOW
3980,0.000000,ALLOW
3981,0.000000,ALLOW
3982,0.000000,ALLOW
3983,0.000000,ALLOW
3984,0.000000,ALLOW
3985,0.000000,ALLOW
3986,0.000000,ALLOW
3987,0.000000,ALLOW
3988,0.000000,ALLOW
3989,0.000000,ALLOW
3990,0.000000,ALLOW
3991,0.000000,ALLOW
3992,0.000000,ALLOW
3993,0.000000,ALLOW
3994,0.000000,ALLOW
3995,0.000000,ALLOW
3996,0.000000,ALLOW
3997,0.000000,ALLOW
3998,0.000000,ALLOW
3999,0.000000,ALLOW
4000,0.000000,ALLOW
4001,0.000000,ALLOW
4002,0.000000,ALLOW
4003,0.000000,ALLOW
4004,0.000000,ALLOW
4005,0.000000,ALLOW
4006,0.000000,ALLOW
4007,0.000000,ALLOW
4008,0.000000,ALLOW
4009,0.000000,ALLOW
4010,0.000000,ALLOW
4011,0.000000,ALLOW
4012,0.000000,ALLOW
4013,0.000000,ALLOW
4014,0.000000,ALLOW
4015,0.000000,ALLOW
4016,0.000000,ALLOW
4017,0.000000,ALLOW
4018,0.000000,ALLOW
4019,0.000000,ALLOW
4020,0.000000,ALLOW
4021,0.000000,ALLOW
4022,0.000000,ALLOW
4023,0.000000,ALLOW
4024,0.000000,ALLOW
4025,0.000000,ALLOW
4026,0.000000,ALLOW
4027,0.000000,ALLOW
4028,0.000000,ALLOW
4029,0.000000,ALLOW
4030,0.000000,ALLOW
4031,0.000000,ALLOW
4032,0.000000,ALLOW
4033,0.000000,ALLOW
4034,0.000000,ALLOW
4035,0.000000,ALLOW
4036,0.000000,ALLOW
4037,0.000000,ALLOW
4038,0.000000,ALLOW
4039,0.000000,ALLOW
4040,0.000000,ALLOW
4041,0.000000,ALLOW
4042,0.000000,ALLOW
4043,0.000000,ALLOW
4044,0.000000,ALLOW
4045,0.000000,ALLOW
4046,0.000000,ALLOW
4047,0.000000,ALLOW
4048,0.000000,ALLOW
4049,0.000000,ALLOW
4050,0.000000,ALLOW
4051,0.000000,ALLOW
4052,0.000000,ALLOW
4053,0.000000,ALLOW
4054,0.000000,ALLOW
4055,0.000000,ALLOW
4056,0.000000,ALLOW
4057,0.000000,ALLOW
4058,0.000000,ALLOW
4059,0.000000,ALLOW
4060,0.000000,ALLOW
4061,0.000000,ALLOW
4062,0.000000,ALLOW
4063,0.000000,ALLOW
4064,0.000000,ALLOW
4065,0.000000,ALLOW
4066,0.000000,ALLOW
4067,0.000000,ALLOW
4068,0.000000,ALLOW
4069,0.000000,ALLOW
4070,0.000000,ALLOW
4071,0.000000,ALLOW
4072,0.000000,ALLOW
4073,0.000000,ALLOW
4074,0.000000,ALLOW
4075,0.000000,ALLOW
4076,0.000000,ALLOW
4077,0.000000,ALLOW
4078,0.000000,ALLOW
4079,0.000000,ALLOW
4080,0.000000,ALLOW
4081,0.000000,ALLOW
4082,0.000000,ALLOW
4083,0.000000,ALLOW
4084,0.000000,ALLOW
4085,0.000000,ALLOW
4086,0.000000,ALLOW
4087,0.000000,ALLOW
4088,0.000000,ALLOW
4089,0.000000,ALLOW
4090,0.000000,ALLOW
4091,0.000000,ALLOW
4092,0.000000,ALLOW
4093,0.000000,ALLOW
4094,0.000000,ALLOW
4095,0.000000,ALLOW
4096,0.000000,ALLOW
4097,0.000000,ALLOW
4098,0.000000,ALLOW
4099,0.000000,ALLOW
4100,0.000000,ALLOW
4101,0.000000,ALLOW
4102,0.000000,ALLOW
4103,0.000000,ALLOW
4104,0.000000,ALLOW
4105,0.000000,ALLOW
4106,0.000000,ALLOW
4107,0.000000,ALLOW
4108,0.000000,ALLOW
4109,0.000000,ALLOW
4110,0.000000,ALLOW
4111,0.000000,ALLOW
4112,0.000000,ALLOW
4113,0.000000,ALLOW
4114,0.000000,ALLOW
4115,0.000000,ALLOW
4116,0.000000,ALLOW
4117,0.000000,ALLOW
4118,0.000000,ALLOW
4119,0.000000,ALLOW
4120,0.000000,ALLOW
4121,0.000000,ALLOW
4122,0.000000,ALLOW
4123,0.000000,ALLOW
4124,0.000000,ALLOW
4125,0.000000,ALLOW
4126,0.000000,ALLOW
4127,0.000000,ALLOW
4128,0.000000,ALLOW
4129,0.000000,ALLOW
4130,0.000000,ALLOW
4131,0.000000,ALLOW
4132,0.000000,ALLOW
4133,0.000000,ALLOW
4134,0.000000,ALLOW
4135,0.000000,ALLOW
4136,0.000000,ALLOW
4137,0.000000,ALLOW
4138,0.000000,ALLOW
4139,0.000000,ALLOW
4140,0.000000,ALLOW
4141,0.000000,ALLOW
4142,0.000000,ALLOW
4143,0.000000,ALLOW
4144,0.000000,ALLOW
4145,0.000000,ALLOW
4146,0.000000,ALLOW
4147,0.000000,ALLOW
4148,0.000000,ALLOW
4149,0.000000,ALLOW
4150,0.000000,ALLOW
4151,0.000000,ALLOW
4152,0.000000,ALLOW
4153,0.000000,ALLOW
4154,0.000000,ALLOW
4155,0.000000,ALLOW
4156,0.000000,ALLOW
4157,0.000000,ALLOW
4158,0.000000,ALLOW
4159,0.000000,ALLOW
4160,0.000000,ALLOW
4161,0.000000,ALLOW
4162,0.000000,ALLOW
4163,0.000000,ALLOW
4164,0.000000,ALLOW
4165,0.000000,ALLOW
4166,0.000000,ALLOW
4167,0.000000,ALLOW
4168,0.000000,ALLOW
4169,0.000000,ALLOW
4170,0.000000,ALLOW
4171,0.000000,ALLOW
4172,0.000000,ALLOW
4173,0.000000,ALLOW
4174,0.000000,ALLOW
4175,0.000000,ALLOW
4176,0.000000,ALLOW
4177,0.000000,ALLOW
4178,0.000000,ALLOW
4179,0.000000,ALLOW
4180,0.000000,ALLOW
4181,0.000000,ALLOW
4182,0.000000,ALLOW
4183,0.000000,ALLOW
4184,0.000000,ALLOW
4185,0.000000,ALLOW
4186,0.000000,ALLOW
4187,0.000000,ALLOW
4188,0.000000,ALLOW
4189,0.000000,ALLOW
4190,0.000000,ALLOW
4191,0.000000,ALLOW
4192,0.000000,ALLOW
4193,0.000000,ALLOW
4194,0.000000,ALLOW
4195,0.000000,ALLOW
4196,0.000000,ALLOW
4197,0.000000,ALLOW
4198,0.000000,ALLOW
4199,0.000000,ALLOW
4200,0.000000,ALLOW
4201,0.000000,ALLOW
4202,0.000000,ALLOW
4203,0.000000,ALLOW
4204,0.000000,ALLOW
4205,0.000000,ALLOW
4206,0.000000,ALLOW
4207,0.000000,ALLOW
4208,0.000000,ALLOW
4209,0.000000,ALLOW
4210,0.000000,ALLOW
4211,0.000000,ALLOW
4212,0.000000,ALLOW
4213,0.000000,ALLOW
4214,0.000000,ALLOW
4215,0.000000,ALLOW
4216,0.000000,ALLOW
4217,0.000000,ALLOW
4218,0.000000,ALLOW
4219,0.000000,ALLOW
4220,0.000000,ALLOW
4221,0.000000,ALLOW
4222,0.000000,ALLOW
4223,0.000000,ALLOW
4224,0.000000,ALLOW
4225,0.000000,ALLOW
4226,0.000000,ALLOW
4227,0.000000,ALLOW
4228,0.000000,ALLOW
4229,0.000000,ALLOW
4230,0.000000,ALLOW
4231,0.000000,ALLOW
4232,0.000000,ALLOW
4233,0.000000,ALLOW
4234,0.000000,ALLOW
4235,0.000000,ALLOW
4236,0.000000,ALLOW
4237,0.000000,ALLOW
4238,0.000000,ALLOW
4239,0.000000,ALLOW
4240,0.000000,ALLOW
4241,0.000000,ALLOW
4242,0.000000,ALLOW
4243,0.000000,ALLOW
4244,0.000000,ALLOW
4245,0.000000,ALLOW
4246,0.000000,ALLOW
4247,0.000000,ALLOW
4248,0.000000,ALLOW
4249,0.000000,ALLOW
4250,0.000000,ALLOW
4251,0.000000,ALLOW
4252,0.000000,ALLOW
4253,0.000000,ALLOW
4254,0.000000,ALLOW
4255,0.000000,ALLOW
4256,0.000000,ALLOW
4257,0.000000,ALLOW
4258,0.000000,ALLOW
4259,0.000000,ALLOW
4260,0.000000,ALLOW
4261,0.000000,ALLOW
4262,0.000000,ALLOW
4263,0.000000,ALLOW
4264,0.000000,ALLOW
4265,0.000000,ALLOW
4266,0.000000,ALLOW
4267,0.000000,ALLOW
4268,0.000000,ALLOW
4269,0.000000,ALLOW
4270,0.000000,ALLOW
4271,0.000000,ALLOW
4272,0.000000,ALLOW
4273,0.000000,ALLOW
4274,0.000000,ALLOW
4275,0.000000,ALLOW
4276,0.000000,ALLOW
4277,0.000000,ALLOW
4278,0.000000,ALLOW
4279,0.000000,ALLOW
4280,0.000000,ALLOW
4281,0.000000,ALLOW
4282,0.000000,ALLOW
4283,0.000000,ALLOW
4284,0.000000,ALLOW
4285,0.000000,ALLOW
4286,0.000000,ALLOW
4287,0.000000,ALLOW
4288,0.000000,ALLOW
4289,0.000000,ALLOW
4290,0.000000,ALLOW
4291,0.000000,ALLOW
4292,0.000000,ALLOW
4293,0.000000,ALLOW
4294,0.000000,ALLOW
4295,0.000000,ALLOW
4296,0.000000,ALLOW
4297,0.000000,ALLOW
4298,0.000000,ALLOW
4299,0.000000,ALLOW
4300,0.000000,ALLOW
4301,0.000000,ALLOW
4302,0.000000,ALLOW
4303,0.000000,ALLOW
4304,0.000000,ALLOW
4305,0.000000,ALLOW
4306,0.000000,ALLOW
4307,0.000000,ALLOW
4308,0.000000,ALLOW
4309,0.000000,ALLOW
4310,0.000000,ALLOW
4311,0.000000,ALLOW
4312,0.000000,ALLOW
4313,0.000000,ALLOW
4314,0.000000,ALLOW
4315,0.000000,ALLOW
4316,0.000000,ALLOW
4317,0.000000,ALLOW
4318,0.000000,ALLOW
4319,0.000000,ALLOW
4320,0.000000,ALLOW
4321,0.000000,ALLOW
4322,0.000000,ALLOW
4323,0.000000,ALLOW
4324,0.000000,ALLOW
4325,0.000000,ALLOW
4326,0.000000,ALLOW
4327,0.000000,ALLOW
4328,0.000000,ALLOW
4329,0.000000,ALLOW
4330,0.000000,ALLOW
4331,0.000000,ALLOW
4332,0.000000,ALLOW
4333,0.000000,ALLOW
4334,0.000000,ALLOW
4335,0.000000,ALLOW
4336,0.000000,ALLOW
4337,0.000000,ALLOW
4338,0.000000,ALLOW
4339,0.000000,ALLOW
4340,0.000000,ALLOW
4341,0.000000,ALLOW
4342,0.000000,ALLOW
4343,0.000000,ALLOW
4344,0.000000,ALLOW
4345,0.000000,ALLOW
4346,0.000000,ALLOW
4347,0.000000,ALLOW
4348,0.000000,ALLOW
4349,0.000000,ALLOW
4350,0.000000,ALLOW
4351,0.000000,ALLOW
4352,0.000000,ALLOW
4353,0.000000,ALLOW
4354,0.000000,ALLOW
4355,0.000000,ALLOW
4356,0.000000,ALLOW
4357,0.000000,ALLOW
4358,0.000000,ALLOW
4359,0.000000,ALLOW
4360,0.000000,ALLOW
4361,0.000000,ALLOW
4362,0.000000,ALLOW
4363,0.000000,ALLOW
4364,0.000000,ALLOW
4365,0.000000,ALLOW
4366,0.000000,ALLOW
4367,0.000000,ALLOW
4368,0.000000,ALLOW
4369,0.000000,ALLOW
4370,0.000000,ALLOW
4371,0.000000,ALLOW
4372,0.000000,ALLOW
4373,0.000000,ALLOW
4374,0.000000,ALLOW
4375,0.000000,ALLOW
4376,0.000000,ALLOW
4377,0.000000,ALLOW
4378,0.000000,ALLOW
4379,0.000000,ALLOW
4380,0.000000,ALLOW
4381,0.000000,ALLOW
4382,0.000000,ALLOW
4383,0.000000,ALLOW
4384,0.000000,ALLOW
4385,0.000000,ALLOW
4386,0.000000,ALLOW
4387,0.000000,ALLOW
4388,0.000000,ALLOW
4389,0.000000,ALLOW
4390,0.000000,ALLOW
4391,0.000000,ALLOW
4392,0.000000,ALLOW
4393,0.000000,ALLOW
4394,0.000000,ALLOW
4395,0.000000,ALLOW
4396,0.000000,ALLOW
4397,0.000000,ALLOW
4398,0.000000,ALLOW
4399,0.000000,ALLOW
4400,0.000000,ALLOW
4401,0.000000,ALLOW
4402,0.000000,ALLOW
4403,0.000000,ALLOW
4404,0.000000,ALLOW
4405,0.000000,ALLOW
4406,0.000000,ALLOW
4407,0.000000,ALLOW
4408,0.000000,ALLOW
4409,0.000000,ALLOW
4410,0.000000,ALLOW
4411,0.000000,ALLOW
4412,0.000000,ALLOW
4413,0.000000,ALLOW
4414,0.000000,ALLOW
4415,0.000000,ALLOW
4416,0.000000,ALLOW
4417,0.000000,ALLOW
4418,0.000000,ALLOW
4419,0.000000,ALLOW
4420,0.000000,ALLOW
4421,0.000000,ALLOW
4422,0.000000,ALLOW
4423,0.000000,ALLOW
4424,0.000000,ALLOW
4425,0.000000,ALLOW
4426,0.000000,ALLOW
4427,0.000000,ALLOW
4428,0.000000,ALLOW
4429,0.000000,ALLOW
4430,0.000000,ALLOW
4431,0.000000,ALLOW
4432,0.000000,ALLOW
4433,0.000000,ALLOW
4434,0.000000,ALLOW
4435,0.000000,ALLOW
4436,0.000000,ALLOW
4437,0.000000,ALLOW
4438,0.000000,ALLOW
4439,0.000000,ALLOW
4440,0.000000,ALLOW
4441,0.000000,ALLOW
4442,0.000000,ALLOW
4443,0.000000,ALLOW
4444,0.000000,ALLOW
4445,0.000000,ALLOW
4446,0.000000,ALLOW
4447,0.000000,ALLOW
4448,0.000000,ALLOW
4449,0.000000,ALLOW
4450,0.000000,ALLOW
4451,0.000000,ALLOW
4452,0.000000,ALLOW
4453,0.000000,ALLOW
4454,0.000000,ALLOW
4455,0.000000,ALLOW
4456,0.000000,ALLOW
4457,0.000000,ALLOW
4458,0.000000,ALLOW
4459,0.000000,ALLOW
4460,0.000000,ALLOW
4461,0.000000,ALLOW
4462,0.000000,ALLOW
4463,0.000000,ALLOW
4464,0.000000,ALLOW
4465,0.000000,ALLOW
4466,0.000000,ALLOW
4467,0.000000,ALLOW
4468,0.000000,ALLOW
4469,0.000000,ALLOW
4470,1.998740,ALLOW
4471,1.798866,ALLOW
4472,1.618979,ALLOW
4473,1.457082,ALLOW
4474,1.311373,ALLOW
4475,1.180236,ALLOW
4476,1.062212,ALLOW
4477,0.955991,ALLOW
4478,0.860392,ALLOW
4479,0.774353,ALLOW
4480,0.696918,ALLOW
4481,0.627226,ALLOW
4482,0.564503,ALLOW
4483,0.508053,ALLOW
4484,0.457248,ALLOW
4485,0.411523,ALLOW
4486,0.370371,ALLOW
4487,0.333334,ALLOW
4488,0.300000,ALLOW
4489,0.270000,ALLOW
4490,0.243000,ALLOW
4491,0.218700,ALLOW
4492,0.196830,ALLOW
4493,0.177147,ALLOW
4494,135.135874,ALLOW
4495,121.622287,ALLOW
4496,109.460058,ALERT
4497,98.514052,ALLOW
4498,88.662647,ALLOW
4499,79.796382,ALLOW
4500,71.816744,ALLOW
4501,64.635070,ALLOW
4502,58.171563,ALLOW
4503,52.354406,ALLOW
4504,47.118966,ALLOW
4505,42.407069,ALLOW
4506,38.166362,ALLOW
4507,34.349726,ALLOW
4508,30.914753,ALLOW
4509,27.823278,ALLOW
4510,25.040950,ALLOW
4511,22.536855,ALLOW
4512,20.283170,ALLOW
4513,18.254853,ALLOW
4514,16.429367,ALLOW
4515,14.786431,ALLOW
4516,13.307788,ALLOW
4517,11.977009,ALLOW
4518,10.779308,ALLOW
4519,9.701377,ALLOW
4520,8.731239,ALLOW
4521,7.858116,ALLOW
4522,7.072304,ALLOW
4523,6.365074,ALLOW
4524,5.728566,ALLOW
4525,5.155710,ALLOW
4526,4.640139,ALLOW
4527,4.176125,ALLOW
4528,3.758512,ALLOW
4529,3.382661,ALLOW
4530,3.044395,ALLOW
4531,2.739955,ALLOW
4532,2.465960,ALLOW
4533,2.219364,ALLOW
4534,1.997428,ALLOW
4535,1.797685,ALLOW
4536,1.617916,ALLOW
4537,1.456125,ALLOW
4538,1.310512,ALLOW
4539,1.179461,ALLOW
4540,1.061515,ALLOW
4541,0.955363,ALLOW
4542,0.859827,ALLOW
4543,0.773844,ALLOW
4544,0.696460,ALLOW
4545,0.626814,ALLOW
4546,0.564133,ALLOW
4547,0.507719,ALLOW
4548,0.456947,ALLOW
4549,0.411253,ALLOW
4550,0.370127,ALLOW
4551,0.333115,ALLOW
4552,0.299803,ALLOW
4553,0.269823,ALLOW
4554,0.242841,ALLOW
4555,0.218557,ALLOW
4556,0.196701,ALLOW
4557,0.177031,ALLOW
4558,0.159328,ALLOW
4559,0.143395,ALLOW
4560,0.129055,ALLOW
4561,0.116150,ALLOW
4562,0.104535,ALLOW
4563,0.094081,ALLOW
4564,0.084673,ALLOW
4565,0.076206,ALLOW
4566,0.068585,ALLOW
4567,0.061727,ALLOW
4568,0.055554,ALLOW
4569,0.049999,ALLOW
4570,0.044999,ALLOW
4571,0.040499,ALLOW
4572,24.548098,ALLOW
4573,22.093288,ALLOW
4574,19.883960,ALLOW
4575,17.895564,ALLOW
4576,16.106007,ALLOW
4577,14.495406,ALLOW
4578,13.045866,ALLOW
4579,11.741279,ALLOW
4580,10.567151,ALLOW
4581,9.510436,ALLOW
4582,8.559393,ALLOW
4583,7.703453,ALLOW
4584,6.933108,ALLOW
4585,6.239797,ALLOW
4586,5.615817,ALLOW
4587,5.054236,ALLOW
4588,4.548812,ALLOW
4589,4.093931,ALLOW
4590,3.684538,ALLOW
4591,3.316084,ALLOW
4592,2.984476,ALLOW
4593,2.686028,ALLOW
4594,2.417425,ALLOW
4595,2.175683,ALLOW
4596,1.958114,ALLOW
4597,1.762303,ALLOW
4598,1.586073,ALLOW
4599,1.427465,ALLOW
4600,1.284719,ALLOW
4601,1.156247,ALLOW
4602,1.040622,ALLOW
4603,0.936560,ALLOW
4604,0.842904,ALLOW
4605,0.758614,ALLOW
4606,0.682752,ALLOW
4607,0.614477,ALLOW
4608,0.553029,ALLOW
4609,0.497726,ALLOW
4610,0.447954,ALLOW
4611,0.403158,ALLOW
4612,0.362843,ALLOW
4613,0.326558,ALLOW
4614,0.293902,ALLOW
4615,0.264512,ALLOW
4616,3.033773,ALLOW
4617,2.730396,ALLOW
4618,2.457356,ALLOW
4619,2.211621,ALLOW
4620,1.990459,ALLOW
4621,1.791413,ALLOW
4622,1.612271,ALLOW
4623,1.451044,ALLOW
4624,1.305940,ALLOW
4625,1.175346,ALLOW
4626,1.057811,ALLOW
4627,0.952030,ALLOW
4628,0.856827,ALLOW
4629,0.771144,ALLOW
4630,0.694030,ALLOW
4631,0.624627,ALLOW
4632,0.562164,ALLOW
4633,0.505948,ALLOW
4634,0.455353,ALLOW
4635,0.409818,ALLOW
4636,0.368836,ALLOW
4637,0.331952,ALLOW
4638,0.298757,ALLOW
4639,0.268881,ALLOW
4640,0.241993,ALLOW
4641,0.217794,ALLOW
4642,0.196015,ALLOW
4643,0.176413,ALLOW
4644,0.158772,ALLOW
4645,0.142895,ALLOW
4646,5.887642,ALLOW
4647,5.298878,ALLOW
4648,4.768990,ALLOW
4649,4.292091,ALLOW
4650,3.862882,ALLOW
4651,3.476594,ALLOW
4652,3.128934,ALLOW
4653,2.816041,ALLOW
4654,2.534437,ALLOW
4655,2.280993,ALLOW
4656,2.052894,ALLOW
4657,1.847604,ALLOW
4658,1.662844,ALLOW
4659,1.496560,ALLOW
4660,1.346904,ALLOW
4661,1.212213,ALLOW
4662,1.090992,ALLOW
4663,0.981893,ALLOW
4664,0.883703,ALLOW
4665,0.795333,ALLOW
4666,0.715800,ALLOW
4667,0.644220,ALLOW
4668,0.579798,ALLOW
4669,0.521818,ALLOW
4670,0.469636,ALLOW
4671,0.422673,ALLOW
4672,4.239497,ALLOW
4673,3.815548,ALLOW
4674,3.433993,ALLOW
4675,3.090594,ALLOW
4676,2.781534,ALLOW
4677,2.503381,ALLOW
4678,2.253043,ALLOW
4679,2.027738,ALLOW
4680,1.824965,ALLOW
4681,1.642468,ALLOW
4682,1.478221,ALLOW
4683,1.330399,ALLOW
4684,1.197359,ALLOW
4685,1.077623,ALLOW
4686,0.969861,ALLOW
4687,0.872875,ALLOW
4688,0.785587,ALLOW
4689,0.707029,ALLOW
4690,0.636326,ALLOW
4691,0.572693,ALLOW
4692,0.515424,ALLOW
4693,0.463882,ALLOW
4694,0.417493,ALLOW
4695,0.375744,ALLOW
4696,0.338170,ALLOW
4697,0.304353,ALLOW
4698,0.273917,ALLOW
4699,0.246526,ALLOW
4700,0.221873,ALLOW
4701,0.199686,ALLOW
4702,0.179717,ALLOW
4703,0.161745,ALLOW
4704,0.145571,ALLOW
4705,0.131014,ALLOW
4706,0.117912,ALLOW
4707,0.106121,ALLOW
4708,0.095509,ALLOW
4709,0.085958,ALLOW
4710,0.077362,ALLOW
4711,0.069626,ALLOW
4712,0.062664,ALLOW
4713,0.056397,ALLOW
4714,0.050757,ALLOW
4715,0.045682,ALLOW
4716,0.041114,ALLOW
4717,0.037002,ALLOW
4718,0.033302,ALLOW
4719,0.029972,ALLOW
4720,0.026975,ALLOW
4721,0.024277,ALLOW
4722,0.021849,ALLOW
4723,0.019664,ALLOW
4724,0.017698,ALLOW
4725,0.015928,ALLOW
4726,0.014335,ALLOW
4727,0.012902,ALLOW
4728,0.011612,ALLOW
4729,0.010451,ALLOW
4730,0.009405,ALLOW
4731,0.008465,ALLOW
4732,0.007618,ALLOW
4733,0.006857,ALLOW
4734,0.006171,ALLOW
4735,0.005554,ALLOW
4736,0.004998,ALLOW
4737,0.004499,ALLOW
4738,0.004049,ALLOW
4739,0.003644,ALLOW
4740,0.003279,ALLOW
4741,0.002952,ALLOW
4742,0.002656,ALLOW
4743,0.002391,ALLOW
4744,0.002152,ALLOW
4745,0.001937,ALLOW
4746,0.001743,ALLOW
4747,0.001569,ALLOW
4748,0.001412,ALLOW
4749,0.001271,ALLOW
4750,0.001143,ALLOW
4751,0.001029,ALLOW
4752,0.000926,ALLOW
4753,0.000834,ALLOW
4754,0.000750,ALLOW
4755,0.000675,ALLOW
4756,0.000608,ALLOW
4757,0.000547,ALLOW
4758,0.000492,ALLOW
4759,0.000443,ALLOW
4760,0.000399,ALLOW
4761,0.000359,ALLOW
4762,0.000323,ALLOW
4763,0.000291,ALLOW
4764,0.000262,ALLOW
4765,0.000235,ALLOW
4766,0.000212,ALLOW
4767,0.000191,ALLOW
4768,0.000172,ALLOW
4769,0.000154,ALLOW
4770,0.000139,ALLOW
4771,0.000125,ALLOW
4772,0.000113,ALLOW
4773,0.000101,ALLOW
4774,0.000091,ALLOW
4775,0.000082,ALLOW
4776,0.000074,ALLOW
4777,0.000066,ALLOW
4778,0.000060,ALLOW
4779,0.000054,ALLOW
4780,0.000048,ALLOW
4781,0.000044,ALLOW
4782,0.000039,ALLOW
4783,0.000035,ALLOW
4784,0.000032,ALLOW
4785,0.000029,ALLOW
4786,0.000026,ALLOW
4787,0.000023,ALLOW
4788,0.000021,ALLOW
4789,0.000019,ALLOW
4790,0.000017,ALLOW
4791,0.000015,ALLOW
4792,0.000014,ALLOW
4793,0.000012,ALLOW
4794,0.000011,ALLOW
4795,0.000010,ALLOW
4796,0.000009,ALLOW
4797,0.000008,ALLOW
4798,0.000007,ALLOW
4799,0.000007,ALLOW
4800,0.000006,ALLOW
4801,0.000005,ALLOW
4802,0.000005,ALLOW
4803,0.000004,ALLOW
4804,0.000004,ALLOW
4805,0.000003,ALLOW
4806,0.000003,ALLOW
4807,0.000003,ALLOW
4808,0.000003,ALLOW
4809,0.000002,ALLOW
4810,0.000002,ALLOW
4811,0.000002,ALLOW
4812,0.000002,ALLOW
4813,0.000001,ALLOW
4814,0.000001,ALLOW
4815,0.000001,ALLOW
4816,0.000001,ALLOW
4817,0.000001,ALLOW
4818,0.000001,ALLOW
4819,0.000001,ALLOW
4820,0.000001,ALLOW
4821,0.000001,ALLOW
4822,0.000001,ALLOW
4823,0.000001,ALLOW
4824,0.000000,ALLOW
4825,0.000000,ALLOW
4826,0.000000,ALLOW
4827,0.000000,ALLOW
4828,0.000000,ALLOW
4829,0.000000,ALLOW
4830,0.000000,ALLOW
4831,0.000000,ALLOW
4832,0.000000,ALLOW
4833,0.000000,ALLOW
4834,0.000000,ALLOW
4835,0.000000,ALLOW
4836,0.000000,ALLOW
4837,0.000000,ALLOW
4838,0.000000,ALLOW
4839,0.000000,ALLOW
4840,0.000000,ALLOW
4841,0.000000,ALLOW
4842,0.000000,ALLOW
4843,0.000000,ALLOW
4844,0.000000,ALLOW
4845,0.000000,ALLOW
4846,0.000000,ALLOW
4847,0.000000,ALLOW
4848,0.000000,ALLOW
4849,0.000000,ALLOW
4850,0.000000,ALLOW
4851,0.000000,ALLOW
4852,0.000000,ALLOW
4853,0.000000,ALLOW
4854,0.000000,ALLOW
4855,0.000000,ALLOW
4856,0.000000,ALLOW
4857,0.000000,ALLOW
4858,0.000000,ALLOW
4859,0.000000,ALLOW
4860,0.000000,ALLOW
4861,0.000000,ALLOW
4862,0.000000,ALLOW
4863,0.000000,ALLOW
4864,0.000000,ALLOW
4865,0.000000,ALLOW
4866,0.000000,ALLOW
4867,0.000000,ALLOW
4868,0.000000,ALLOW
4869,0.000000,ALLOW
4870,0.000000,ALLOW
4871,0.000000,ALLOW
4872,0.000000,ALLOW
4873,0.000000,ALLOW
4874,0.000000,ALLOW
4875,0.000000,ALLOW
4876,0.000000,ALLOW
4877,0.000000,ALLOW
4878,0.000000,ALLOW
4879,0.000000,ALLOW
4880,0.000000,ALLOW
4881,0.000000,ALLOW
4882,0.000000,ALLOW
4883,0.000000,ALLOW
4884,0.000000,ALLOW
4885,0.000000,ALLOW
4886,0.000000,ALLOW
4887,0.000000,ALLOW
4888,0.000000,ALLOW
4889,0.000000,ALLOW
4890,0.000000,ALLOW
4891,0.000000,ALLOW
4892,0.000000,ALLOW
4893,0.000000,ALLOW
4894,0.000000,ALLOW
4895,0.000000,ALLOW
4896,0.000000,ALLOW
4897,0.000000,ALLOW
4898,0.000000,ALLOW
4899,0.000000,ALLOW
4900,0.000000,ALLOW
4901,0.000000,ALLOW
4902,0.000000,ALLOW
4903,0.000000,ALLOW
4904,0.000000,ALLOW
4905,0.000000,ALLOW
4906,0.000000,ALLOW
4907,0.000000,ALLOW
4908,0.000000,ALLOW
4909,0.000000,ALLOW
4910,0.000000,ALLOW
4911,0.000000,ALLOW
4912,0.000000,ALLOW
4913,0.000000,ALLOW
4914,0.000000,ALLOW
4915,0.000000,ALLOW
4916,0.000000,ALLOW
4917,0.000000,ALLOW
4918,0.000000,ALLOW
4919,0.000000,ALLOW
4920,0.000000,ALLOW
4921,0.000000,ALLOW
4922,0.000000,ALLOW
4923,0.000000,ALLOW
4924,0.000000,ALLOW
4925,0.000000,ALLOW
4926,0.000000,ALLOW
4927,0.000000,ALLOW
4928,0.000000,ALLOW
4929,0.000000,ALLOW
4930,0.000000,ALLOW
4931,0.000000,ALLOW
4932,0.000000,ALLOW
4933,0.000000,ALLOW
4934,0.000000,ALLOW
4935,0.000000,ALLOW
4936,0.000000,ALLOW
4937,0.000000,ALLOW
4938,0.000000,ALLOW
4939,0.000000,ALLOW
4940,0.000000,ALLOW
4941,0.000000,ALLOW
4942,0.000000,ALLOW
4943,0.000000,ALLOW
4944,0.000000,ALLOW
4945,0.000000,ALLOW
4946,0.000000,ALLOW
4947,0.000000,ALLOW
4948,0.000000,ALLOW
4949,0.000000,ALLOW
4950,0.000000,ALLOW
4951,0.000000,ALLOW
4952,0.000000,ALLOW
4953,0.000000,ALLOW
4954,0.000000,ALLOW
4955,0.000000,ALLOW
4956,0.000000,ALLOW
4957,0.000000,ALLOW
4958,0.000000,ALLOW
4959,0.000000,ALLOW
4960,0.000000,ALLOW
4961,0.000000,ALLOW
4962,0.000000,ALLOW
4963,0.000000,ALLOW
4964,0.000000,ALLOW
4965,0.000000,ALLOW
4966,0.000000,ALLOW
4967,0.000000,ALLOW
4968,0.000000,ALLOW
4969,0.000000,ALLOW
4970,0.000000,ALLOW
4971,0.000000,ALLOW
4972,0.000000,ALLOW
4973,0.000000,ALLOW
4974,0.000000,ALLOW
4975,0.000000,ALLOW
4976,0.000000,ALLOW
4977,0.000000,ALLOW
4978,0.000000,ALLOW
4979,0.000000,ALLOW
4980,0.000000,ALLOW
4981,0.000000,ALLOW
4982,0.000000,ALLOW
4983,0.000000,ALLOW
4984,0.000000,ALLOW
4985,0.000000,ALLOW
4986,0.000000,ALLOW
4987,0.000000,ALLOW
4988,0.000000,ALLOW
4989,0.000000,ALLOW
4990,0.000000,ALLOW
4991,0.000000,ALLOW
4992,0.000000,ALLOW
4993,0.000000,ALLOW
4994,0.000000,ALLOW
4995,0.000000,ALLOW
4996,0.000000,ALLOW
4997,0.000000,ALLOW
4998,0.000000,ALLOW
4999,0.000000,ALLOW
5000,0.000000,ALLOW
5001,0.000000,ALLOW
5002,0.000000,ALLOW
5003,0.000000,ALLOW
5004,0.000000,ALLOW
5005,0.000000,ALLOW
5006,0.000000,ALLOW
5007,0.000000,ALLOW
5008,0.000000,ALLOW
5009,0.000000,ALLOW
5010,0.000000,ALLOW
5011,0.000000,ALLOW
5012,0.000000,ALLOW
5013,0.000000,ALLOW
5014,0.000000,ALLOW
5015,0.000000,ALLOW
5016,0.000000,ALLOW
5017,0.000000,ALLOW
5018,0.000000,ALLOW
5019,0.000000,ALLOW
5020,0.000000,ALLOW
5021,0.000000,ALLOW
5022,0.000000,ALLOW
5023,0.000000,ALLOW
5024,0.000000,ALLOW
5025,0.000000,ALLOW
5026,0.000000,ALLOW
5027,0.000000,ALLOW
5028,0.000000,ALLOW
5029,0.000000,ALLOW
5030,0.000000,ALLOW
5031,0.000000,ALLOW
5032,0.000000,ALLOW
5033,0.000000,ALLOW
5034,0.000000,ALLOW
5035,0.000000,ALLOW
5036,0.000000,ALLOW
5037,0.000000,ALLOW
5038,0.000000,ALLOW
5039,0.000000,ALLOW
5040,0.000000,ALLOW
5041,0.000000,ALLOW
5042,0.000000,ALLOW
5043,0.000000,ALLOW
5044,0.000000,ALLOW
5045,0.000000,ALLOW
5046,0.000000,ALLOW
5047,0.000000,ALLOW
5048,0.000000,ALLOW
5049,0.000000,ALLOW
5050,0.000000,ALLOW
5051,0.000000,ALLOW
5052,0.000000,ALLOW
5053,0.000000,ALLOW
5054,0.000000,ALLOW
5055,0.000000,ALLOW
5056,0.000000,ALLOW
5057,0.000000,ALLOW
5058,0.000000,ALLOW
5059,0.000000,ALLOW
5060,0.000000,ALLOW
5061,0.000000,ALLOW
5062,0.000000,ALLOW
5063,0.000000,ALLOW
5064,0.000000,ALLOW
5065,0.000000,ALLOW
5066,0.000000,ALLOW
5067,0.000000,ALLOW
5068,0.000000,ALLOW
5069,0.000000,ALLOW
5070,0.000000,ALLOW
5071,0.000000,ALLOW
5072,0.000000,ALLOW
5073,0.000000,ALLOW
5074,0.000000,ALLOW
5075,0.000000,ALLOW
5076,0.000000,ALLOW
5077,0.000000,ALLOW
5078,0.000000,ALLOW
5079,0.000000,ALLOW
5080,0.000000,ALLOW
5081,0.000000,ALLOW
5082,0.000000,ALLOW
5083,0.000000,ALLOW
5084,0.000000,ALLOW
5085,0.000000,ALLOW
5086,0.000000,ALLOW
5087,0.000000,ALLOW
5088,0.000000,ALLOW
5089,0.000000,ALLOW
5090,0.000000,ALLOW
5091,0.000000,ALLOW
5092,0.000000,ALLOW
5093,0.000000,ALLOW
5094,0.000000,ALLOW
5095,0.000000,ALLOW
5096,0.000000,ALLOW
5097,0.000000,ALLOW
5098,0.000000,ALLOW
5099,0.000000,ALLOW
5100,0.000000,ALLOW
5101,0.000000,ALLOW
5102,0.000000,ALLOW
5103,0.000000,ALLOW
5104,0.000000,ALLOW
5105,0.000000,ALLOW
5106,0.000000,ALLOW
5107,0.000000,ALLOW
5108,0.000000,ALLOW
5109,0.000000,ALLOW
5110,0.000000,ALLOW
5111,0.000000,ALLOW
5112,0.000000,ALLOW
5113,0.000000,ALLOW
5114,0.000000,ALLOW
5115,0.000000,ALLOW
5116,0.000000,ALLOW
5117,0.000000,ALLOW
5118,0.000000,ALLOW
5119,0.000000,ALLOW
5120,0.000000,ALLOW
5121,0.000000,ALLOW
5122,0.000000,ALLOW
5123,0.000000,ALLOW
5124,0.000000,ALLOW
5125,0.000000,ALLOW
5126,0.000000,ALLOW
5127,0.000000,ALLOW
5128,0.000000,ALLOW
5129,0.000000,ALLOW
5130,0.000000,ALLOW
5131,0.000000,ALLOW
5132,0.000000,ALLOW
5133,0.000000,ALLOW
5134,0.000000,ALLOW
5135,0.000000,ALLOW
5136,0.000000,ALLOW
5137,0.000000,ALLOW
5138,0.000000,ALLOW
5139,0.000000,ALLOW
5140,0.000000,ALLOW
5141,0.000000,ALLOW
5142,0.000000,ALLOW
5143,0.000000,ALLOW
5144,0.000000,ALLOW
5145,0.000000,ALLOW
5146,0.000000,ALLOW
5147,0.000000,ALLOW
5148,0.000000,ALLOW
5149,0.000000,ALLOW
5150,0.000000,ALLOW
5151,0.000000,ALLOW
5152,0.000000,ALLOW
5153,0.000000,ALLOW
5154,0.000000,ALLOW
5155,0.000000,ALLOW
5156,0.000000,ALLOW
5157,0.000000,ALLOW
5158,0.000000,ALLOW
5159,0.000000,ALLOW
5160,0.000000,ALLOW
5161,0.000000,ALLOW
5162,0.000000,ALLOW
5163,0.000000,ALLOW
5164,0.000000,ALLOW
5165,0.000000,ALLOW
5166,0.000000,ALLOW
5167,0.000000,ALLOW
5168,0.000000,ALLOW
5169,0.000000,ALLOW
5170,0.000000,ALLOW
5171,0.000000,ALLOW
5172,0.000000,ALLOW
5173,0.000000,ALLOW
5174,0.000000,ALLOW
5175,0.000000,ALLOW
5176,0.000000,ALLOW
5177,0.000000,ALLOW
5178,0.000000,ALLOW
5179,0.000000,ALLOW
5180,0.000000,ALLOW
5181,0.000000,ALLOW
5182,0.000000,ALLOW
5183,0.000000,ALLOW
5184,0.000000,ALLOW
5185,0.000000,ALLOW
5186,0.000000,ALLOW
5187,0.000000,ALLOW
5188,0.000000,ALLOW
5189,0.000000,ALLOW
5190,0.000000,ALLOW
5191,0.000000,ALLOW
5192,0.000000,ALLOW
5193,0.000000,ALLOW
5194,0.000000,ALLOW
5195,0.000000,ALLOW
5196,0.000000,ALLOW
5197,0.000000,ALLOW
5198,0.000000,ALLOW
5199,0.000000,ALLOW
5200,0.000000,ALLOW
5201,0.000000,ALLOW
5202,0.000000,ALLOW
5203,0.000000,ALLOW
5204,0.000000,ALLOW
5205,0.000000,ALLOW
5206,0.000000,ALLOW
5207,0.000000,ALLOW
5208,0.000000,ALLOW
5209,0.000000,ALLOW
5210,0.000000,ALLOW
5211,0.000000,ALLOW
5212,0.000000,ALLOW
5213,0.000000,ALLOW
5214,0.000000,ALLOW
5215,0.000000,ALLOW
5216,0.000000,ALLOW
5217,0.000000,ALLOW
5218,0.000000,ALLOW
5219,0.000000,ALLOW
5220,0.000000,ALLOW
5221,0.000000,ALLOW
5222,0.000000,ALLOW
5223,0.000000,ALLOW
5224,0.000000,ALLOW
5225,0.000000,ALLOW
5226,0.000000,ALLOW
5227,0.000000,ALLOW
5228,0.000000,ALLOW
5229,0.000000,ALLOW
5230,0.000000,ALLOW
5231,0.000000,ALLOW
5232,0.000000,ALLOW
5233,0.000000,ALLOW
5234,0.000000,ALLOW
5235,0.000000,ALLOW
5236,0.000000,ALLOW
5237,0.000000,ALLOW
5238,0.000000,ALLOW
5239,0.000000,ALLOW
5240,0.000000,ALLOW
5241,0.000000,ALLOW
5242,0.000000,ALLOW
5243,0.000000,ALLOW
5244,0.000000,ALLOW
5245,0.000000,ALLOW
5246,0.000000,ALLOW
5247,0.000000,ALLOW
5248,0.000000,ALLOW
5249,0.000000,ALLOW
5250,0.000000,ALLOW
5251,0.000000,ALLOW
5252,0.000000,ALLOW
5253,0.000000,ALLOW
5254,0.000000,ALLOW
5255,0.000000,ALLOW
5256,0.000000,ALLOW
5257,0.000000,ALLOW
5258,0.000000,ALLOW
5259,0.000000,ALLOW
5260,0.000000,ALLOW
5261,0.000000,ALLOW
5262,0.000000,ALLOW
5263,0.000000,ALLOW
5264,0.000000,ALLOW
5265,0.000000,ALLOW
5266,0.000000,ALLOW
5267,0.000000,ALLOW
5268,0.000000,ALLOW
5269,0.000000,ALLOW
5270,0.000000,ALLOW
5271,0.000000,ALLOW
5272,0.000000,ALLOW
5273,0.000000,ALLOW
5274,0.000000,ALLOW
5275,0.000000,ALLOW
5276,0.000000,ALLOW
5277,0.000000,ALLOW
5278,0.000000,ALLOW
5279,0.000000,ALLOW
5280,0.000000,ALLOW
5281,0.000000,ALLOW
5282,0.000000,ALLOW
5283,0.000000,ALLOW
5284,0.000000,ALLOW
5285,0.000000,ALLOW
5286,0.000000,ALLOW
5287,0.000000,ALLOW
5288,0.000000,ALLOW
5289,0.000000,ALLOW
5290,0.000000,ALLOW
5291,0.000000,ALLOW
5292,0.000000,ALLOW
5293,0.000000,ALLOW
5294,0.000000,ALLOW
5295,0.000000,ALLOW
5296,0.000000,ALLOW
5297,0.000000,ALLOW
5298,0.000000,ALLOW
5299,0.000000,ALLOW
5300,0.000000,ALLOW
5301,0.000000,ALLOW
5302,0.000000,ALLOW
5303,0.000000,ALLOW
5304,0.000000,ALLOW
5305,0.000000,ALLOW
5306,0.000000,ALLOW
5307,0.000000,ALLOW
5308,0.000000,ALLOW
5309,0.000000,ALLOW
5310,0.000000,ALLOW
5311,0.000000,ALLOW
5312,0.000000,ALLOW
5313,0.000000,ALLOW
5314,0.000000,ALLOW
5315,0.000000,ALLOW
5316,0.000000,ALLOW
5317,0.000000,ALLOW
5318,0.000000,ALLOW
5319,0.000000,ALLOW
5320,0.000000,ALLOW
5321,0.000000,ALLOW
5322,0.000000,ALLOW
5323,0.000000,ALLOW
5324,0.000000,ALLOW
5325,0.000000,ALLOW
5326,0.000000,ALLOW
5327,0.000000,ALLOW
5328,0.000000,ALLOW
5329,0.000000,ALLOW
5330,0.000000,ALLOW
5331,0.000000,ALLOW
5332,0.000000,ALLOW
5333,0.000000,ALLOW
5334,0.000000,ALLOW
5335,0.000000,ALLOW
5336,0.000000,ALLOW
5337,0.000000,ALLOW
5338,0.000000,ALLOW
5339,0.000000,ALLOW
5340,0.000000,ALLOW
5341,0.000000,ALLOW
5342,0.000000,ALLOW
5343,0.000000,ALLOW
5344,0.000000,ALLOW
5345,0.000000,ALLOW
5346,0.000000,ALLOW
5347,0.000000,ALLOW
5348,0.000000,ALLOW
5349,0.000000,ALLOW
5350,0.000000,ALLOW
5351,0.000000,ALLOW
5352,0.000000,ALLOW
5353,0.000000,ALLOW
5354,0.000000,ALLOW
5355,0.000000,ALLOW
5356,0.000000,ALLOW
5357,0.000000,ALLOW
5358,0.000000,ALLOW
5359,0.000000,ALLOW
5360,0.000000,ALLOW
5361,0.000000,ALLOW
5362,0.000000,ALLOW
5363,0.000000,ALLOW
5364,0.000000,ALLOW
5365,0.000000,ALLOW
5366,0.000000,ALLOW
5367,0.000000,ALLOW
5368,0.000000,ALLOW
5369,0.000000,ALLOW
5370,0.000000,ALLOW
5371,0.000000,ALLOW
5372,0.000000,ALLOW
5373,0.000000,ALLOW
5374,0.000000,ALLOW
5375,0.000000,ALLOW
5376,0.000000,ALLOW
5377,0.000000,ALLOW
5378,0.000000,ALLOW
5379,0.000000,ALLOW
5380,0.000000,ALLOW
5381,0.000000,ALLOW
5382,0.000000,ALLOW
5383,0.000000,ALLOW
5384,0.000000,ALLOW
5385,0.000000,ALLOW
5386,0.000000,ALLOW
5387,0.000000,ALLOW
5388,0.000000,ALLOW
5389,0.000000,ALLOW
5390,0.000000,ALLOW
5391,0.000000,ALLOW
5392,0.000000,ALLOW
5393,0.000000,ALLOW
5394,0.000000,ALLOW
5395,0.000000,ALLOW
5396,0.000000,ALLOW
5397,0.000000,ALLOW
5398,0.000000,ALLOW
5399,0.000000,ALLOW
5400,0.000000,ALLOW
5401,0.000000,ALLOW
5402,0.000000,ALLOW
5403,0.000000,ALLOW
5404,0.000000,ALLOW
5405,0.000000,ALLOW
5406,0.000000,ALLOW
5407,0.000000,ALLOW
5408,0.000000,ALLOW
5409,0.000000,ALLOW
5410,0.000000,ALLOW
5411,0.000000,ALLOW
5412,0.000000,ALLOW
5413,0.000000,ALLOW
5414,0.000000,ALLOW
5415,0.000000,ALLOW
5416,0.000000,ALLOW
5417,0.000000,ALLOW
5418,0.000000,ALLOW
5419,0.000000,ALLOW
5420,0.000000,ALLOW
5421,0.000000,ALLOW
5422,0.000000,ALLOW
5423,0.000000,ALLOW
5424,0.000000,ALLOW
5425,0.000000,ALLOW
5426,0.000000,ALLOW
5427,0.000000,ALLOW
5428,0.000000,ALLOW
5429,0.000000,ALLOW
5430,0.000000,ALLOW
5431,0.000000,ALLOW
5432,0.000000,ALLOW
5433,0.000000,ALLOW
5434,0.000000,ALLOW
5435,0.000000,ALLOW
5436,0.000000,ALLOW
5437,0.000000,ALLOW
5438,0.000000,ALLOW
5439,0.000000,ALLOW
5440,0.000000,ALLOW
5441,0.000000,ALLOW
5442,0.000000,ALLOW
5443,0.000000,ALLOW
5444,0.000000,ALLOW
5445,0.000000,ALLOW
5446,0.000000,ALLOW
5447,0.000000,ALLOW
5448,0.000000,ALLOW
5449,0.000000,ALLOW
5450,0.000000,ALLOW
5451,0.000000,ALLOW
5452,0.000000,ALLOW
5453,0.000000,ALLOW
5454,0.000000,ALLOW
5455,0.000000,ALLOW
5456,0.000000,ALLOW
5457,0.000000,ALLOW
5458,0.000000,ALLOW
5459,0.000000,ALLOW
5460,0.000000,ALLOW
5461,0.000000,ALLOW
5462,0.000000,ALLOW
5463,0.000000,ALLOW
5464,0.000000,ALLOW
5465,0.000000,ALLOW
5466,0.000000,ALLOW
5467,0.000000,ALLOW
5468,0.000000,ALLOW
5469,0.000000,ALLOW
5470,0.000000,ALLOW
5471,0.000000,ALLOW
5472,0.000000,ALLOW
5473,0.000000,ALLOW
5474,0.000000,ALLOW
5475,0.000000,ALLOW
5476,0.000000,ALLOW
5477,0.000000,ALLOW
5478,0.000000,ALLOW
5479,0.000000,ALLOW
5480,0.000000,ALLOW
5481,0.000000,ALLOW
5482,0.000000,ALLOW
5483,0.000000,ALLOW
5484,0.000000,ALLOW
5485,0.000000,ALLOW
5486,0.000000,ALLOW
5487,0.000000,ALLOW
5488,0.000000,ALLOW
5489,0.000000,ALLOW
5490,0.000000,ALLOW
5491,0.000000,ALLOW
5492,0.000000,ALLOW
5493,0.000000,ALLOW
5494,0.000000,ALLOW
5495,0.000000,ALLOW
5496,0.000000,ALLOW
5497,0.000000,ALLOW
5498,0.000000,ALLOW
5499,0.000000,ALLOW
5500,0.000000,ALLOW
5501,0.000000,ALLOW
5502,0.000000,ALLOW
5503,0.000000,ALLOW
5504,0.000000,ALLOW
5505,0.000000,ALLOW
5506,0.000000,ALLOW
5507,0.000000,ALLOW
5508,0.000000,ALLOW
5509,0.000000,ALLOW
5510,0.000000,ALLOW
5511,0.000000,ALLOW
5512,0.000000,ALLOW
5513,0.000000,ALLOW
5514,0.000000,ALLOW
5515,0.000000,ALLOW
5516,0.000000,ALLOW
5517,0.000000,ALLOW
5518,0.000000,ALLOW
5519,0.000000,ALLOW
5520,0.000000,ALLOW
5521,0.000000,ALLOW
5522,0.000000,ALLOW
5523,0.000000,ALLOW
5524,0.000000,ALLOW
5525,0.000000,ALLOW
5526,0.000000,ALLOW
5527,0.000000,ALLOW
5528,0.000000,ALLOW
5529,0.000000,ALLOW
5530,0.000000,ALLOW
5531,0.000000,ALLOW
5532,0.000000,ALLOW
5533,0.000000,ALLOW
5534,0.000000,ALLOW
5535,0.000000,ALLOW
5536,0.000000,ALLOW
5537,0.000000,ALLOW
5538,0.000000,ALLOW
5539,0.000000,ALLOW
5540,0.000000,ALLOW
5541,0.000000,ALLOW
5542,0.000000,ALLOW
5543,0.000000,ALLOW
5544,0.000000,ALLOW
5545,0.000000,ALLOW
5546,0.000000,ALLOW
5547,0.000000,ALLOW
5548,0.000000,ALLOW
5549,0.000000,ALLOW
5550,0.000000,ALLOW
5551,0.000000,ALLOW
5552,0.000000,ALLOW
5553,0.000000,ALLOW
5554,0.000000,ALLOW
5555,0.000000,ALLOW
5556,0.000000,ALLOW
5557,0.000000,ALLOW
5558,0.000000,ALLOW
5559,0.000000,ALLOW
5560,0.000000,ALLOW
5561,0.000000,ALLOW
5562,0.000000,ALLOW
5563,0.000000,ALLOW
5564,0.000000,ALLOW
5565,0.000000,ALLOW
5566,0.000000,ALLOW
5567,0.000000,ALLOW
5568,0.000000,ALLOW
5569,0.000000,ALLOW
5570,0.000000,ALLOW
5571,0.000000,ALLOW
5572,0.000000,ALLOW
5573,0.000000,ALLOW
5574,0.000000,ALLOW
5575,0.000000,ALLOW
5576,0.000000,ALLOW
5577,0.000000,ALLOW
5578,0.000000,ALLOW
5579,0.000000,ALLOW
5580,0.000000,ALLOW
5581,0.000000,ALLOW
5582,0.000000,ALLOW
5583,0.000000,ALLOW
5584,0.000000,ALLOW
5585,0.000000,ALLOW
5586,0.000000,ALLOW
5587,0.000000,ALLOW
5588,0.000000,ALLOW
5589,0.000000,ALLOW
5590,0.000000,ALLOW
5591,0.000000,ALLOW
5592,0.000000,ALLOW
5593,0.000000,ALLOW
5594,169.367436,ALLOW
5595,152.430693,ALLOW
5596,137.187623,ALLOW
5597,123.468861,ALLOW
5598,111.121975,ALLOW
5599,100.009777,ALLOW
5600,90.008800,ALLOW
5601,81.007920,ALLOW
5602,72.907128,ALLOW
5603,65.616415,ALLOW
5604,59.054773,ALLOW
5605,53.149296,ALLOW
5606,47.834367,ALLOW
5607,43.050930,ALLOW
5608,38.745837,ALLOW
5609,34.871253,ALLOW
5610,31.384128,ALLOW
5611,28.245715,ALLOW
5612,25.421144,ALLOW
5613,22.879029,ALLOW
5614,20.591126,ALLOW
5615,18.532014,ALLOW
5616,16.678812,ALLOW
5617,15.010931,ALLOW
5618,13.509838,ALLOW
5619,12.158854,ALLOW
5620,10.942969,ALLOW
5621,9.848672,ALLOW
5622,8.863805,ALLOW
5623,7.977424,ALLOW
5624,7.179682,ALLOW
5625,6.461714,ALLOW
5626,5.815542,ALLOW
5627,5.233988,ALLOW
5628,4.710589,ALLOW
5629,4.239530,ALLOW
5630,3.815577,ALLOW
5631,3.434020,ALLOW
5632,3.090618,ALLOW
5633,2.781556,ALLOW
5634,2.503400,ALLOW
5635,2.253060,ALLOW
5636,2.027754,ALLOW
5637,1.824979,ALLOW
5638,1.642481,ALLOW
5639,1.478233,ALLOW
5640,1.330410,ALLOW
5641,1.197369,ALLOW
5642,1.077632,ALLOW
5643,0.969869,ALLOW
5644,0.872882,ALLOW
5645,0.785594,ALLOW
5646,0.707034,ALLOW
5647,0.636331,ALLOW
5648,0.572698,ALLOW
5649,0.515428,ALLOW
5650,0.463885,ALLOW
5651,0.417497,ALLOW
5652,0.375747,ALLOW
5653,0.338172,ALLOW
5654,0.304355,ALLOW
5655,0.273920,ALLOW
5656,0.246528,ALLOW
5657,0.221875,ALLOW
5658,0.199687,ALLOW
5659,0.179719,ALLOW
5660,0.161747,ALLOW
5661,0.145572,ALLOW
5662,0.131015,ALLOW
5663,0.117913,ALLOW
5664,0.106122,ALLOW
5665,0.095510,ALLOW
5666,0.085959,ALLOW
5667,0.077363,ALLOW
5668,0.069627,ALLOW
5669,0.062664,ALLOW
5670,0.056398,ALLOW
5671,0.050758,ALLOW
5672,0.045682,ALLOW
5673,0.041114,ALLOW
5674,11.787156,ALLOW
5675,10.608440,ALLOW
5676,9.547596,ALLOW
5677,8.592837,ALLOW
5678,7.733553,ALLOW
5679,6.960198,ALLOW
5680,6.264178,ALLOW
5681,5.637760,ALLOW
5682,5.073984,ALLOW
5683,4.566586,ALLOW
5684,4.109927,ALLOW
5685,3.698934,ALLOW
5686,3.329041,ALLOW
5687,2.996137,ALLOW
5688,2.696523,ALLOW
5689,2.426871,ALLOW
5690,2.184184,ALLOW
5691,1.965765,ALLOW
5692,1.769189,ALLOW
5693,1.592270,ALLOW
5694,1.433043,ALLOW
5695,1.289739,ALLOW
5696,1.160765,ALLOW
5697,1.044688,ALLOW
5698,0.940220,ALLOW
5699,0.846198,ALLOW
5700,0.761578,ALLOW
5701,0.685420,ALLOW
5702,0.616878,ALLOW
5703,0.555190,ALLOW
5704,0.499671,ALLOW
5705,0.449704,ALLOW
5706,0.404734,ALLOW
5707,0.364260,ALLOW
5708,0.327834,ALLOW
5709,0.295051,ALLOW
5710,0.265546,ALLOW
5711,0.238991,ALLOW
5712,0.215092,ALLOW
5713,0.193583,ALLOW
5714,0.174225,ALLOW
5715,0.156802,ALLOW
5716,0.141122,ALLOW
5717,0.127010,ALLOW
5718,0.114309,ALLOW
5719,0.102878,ALLOW
5720,0.092590,ALLOW
5721,0.083331,ALLOW
5722,0.074998,ALLOW
5723,0.067498,ALLOW
5724,0.060748,ALLOW
5725,0.054674,ALLOW
5726,0.049206,ALLOW
5727,0.044286,ALLOW
5728,0.039857,ALLOW
5729,0.035871,ALLOW
5730,0.032284,ALLOW
5731,0.029056,ALLOW
5732,0.026150,ALLOW
5733,0.023535,ALLOW
5734,0.021182,ALLOW
5735,0.019063,ALLOW
5736,0.017157,ALLOW
5737,0.015441,ALLOW
5738,0.013897,ALLOW
5739,0.012508,ALLOW
5740,0.011257,ALLOW
5741,0.010131,ALLOW
5742,0.009118,ALLOW
5743,0.008206,ALLOW
5744,0.007386,ALLOW
5745,0.006647,ALLOW
5746,0.005982,ALLOW
5747,0.005384,ALLOW
5748,0.004846,ALLOW
5749,0.004361,ALLOW
5750,0.003925,ALLOW
5751,0.003533,ALLOW
5752,0.003179,ALLOW
5753,0.002861,ALLOW
5754,0.002575,ALLOW
5755,0.002318,ALLOW
5756,0.002086,ALLOW
5757,0.001877,ALLOW
5758,0.001690,ALLOW
5759,0.001521,ALLOW
5760,0.001369,ALLOW
5761,0.001232,ALLOW
5762,0.001109,ALLOW
5763,0.000998,ALLOW
5764,0.000898,ALLOW
5765,0.000808,ALLOW
5766,0.000727,ALLOW
5767,0.000655,ALLOW
5768,0.000589,ALLOW
5769,0.000530,ALLOW
5770,0.000477,ALLOW
5771,0.000429,ALLOW
5772,0.000387,ALLOW
5773,0.000348,ALLOW
5774,0.000313,ALLOW
5775,0.000282,ALLOW
5776,0.000254,ALLOW
5777,0.000228,ALLOW
5778,0.000205,ALLOW
5779,0.000185,ALLOW
5780,0.000166,ALLOW
5781,0.000150,ALLOW
5782,0.000135,ALLOW
5783,0.000121,ALLOW
5784,0.000109,ALLOW
5785,0.000098,ALLOW
5786,0.000088,ALLOW
5787,0.000080,ALLOW
5788,0.000072,ALLOW
5789,0.000064,ALLOW
5790,0.000058,ALLOW
5791,0.000052,ALLOW
5792,0.000047,ALLOW
5793,0.000042,ALLOW
5794,0.000038,ALLOW
5795,0.000034,ALLOW
5796,0.000031,ALLOW
5797,0.000028,ALLOW
5798,0.000025,ALLOW
5799,0.000022,ALLOW
5800,0.000020,ALLOW
5801,0.000018,ALLOW
5802,0.000016,ALLOW
5803,0.000015,ALLOW
5804,0.000013,ALLOW
5805,0.000012,ALLOW
5806,0.000011,ALLOW
5807,0.000010,ALLOW
5808,0.000009,ALLOW
5809,0.000008,ALLOW
5810,0.000007,ALLOW
5811,0.000006,ALLOW
5812,0.000006,ALLOW
5813,0.000005,ALLOW
5814,0.000005,ALLOW
5815,0.000004,ALLOW
5816,0.000004,ALLOW
5817,0.000003,ALLOW
5818,0.000003,ALLOW
5819,0.000003,ALLOW
5820,0.000002,ALLOW
5821,0.000002,ALLOW
5822,0.000002,ALLOW
5823,0.000002,ALLOW
5824,0.000002,ALLOW
5825,0.000001,ALLOW
5826,0.000001,ALLOW
5827,0.000001,ALLOW
5828,0.000001,ALLOW
5829,0.000001,ALLOW
5830,0.000001,ALLOW
5831,0.000001,ALLOW
5832,0.000001,ALLOW
5833,0.000001,ALLOW
5834,0.000001,ALLOW
5835,0.000001,ALLOW
5836,0.000000,ALLOW
5837,0.000000,ALLOW
5838,0.000000,ALLOW
5839,0.000000,ALLOW
5840,0.000000,ALLOW
5841,0.000000,ALLOW
5842,0.000000,ALLOW
5843,0.000000,ALLOW
5844,0.000000,ALLOW
5845,0.000000,ALLOW
5846,0.000000,ALLOW
5847,0.000000,ALLOW
5848,0.000000,ALLOW
5849,0.000000,ALLOW
5850,0.000000,ALLOW
5851,0.000000,ALLOW
5852,0.000000,ALLOW
5853,0.000000,ALLOW
5854,0.000000,ALLOW
5855,0.000000,ALLOW
5856,0.000000,ALLOW
5857,0.000000,ALLOW
5858,0.000000,ALLOW
5859,0.000000,ALLOW
5860,0.000000,ALLOW
5861,0.000000,ALLOW
5862,0.000000,ALLOW
5863,0.000000,ALLOW
5864,0.000000,ALLOW
5865,0.000000,ALLOW
5866,300.554611,ALLOW
5867,270.499150,ALLOW
5868,243.449235,ALLOW
5869,219.104312,ALLOW
5870,197.193880,ALLOW
5871,177.474492,ALLOW
5872,159.727043,ALLOW
5873,143.754339,ALLOW
5874,129.378905,ALLOW
5875,116.441014,ALLOW
5876,104.796913,ALLOW
5877,94.317222,ALLOW
5878,84.885500,ALLOW
5879,76.396950,ALLOW
5880,68.757255,ALLOW
5881,61.881529,ALLOW
5882,55.693376,ALLOW
5883,50.124039,ALLOW
5884,45.111635,ALLOW
5885,40.600471,ALLOW
5886,36.540424,ALLOW
5887,32.886382,ALLOW
5888,29.597744,ALLOW
5889,26.637969,ALLOW
5890,23.974172,ALLOW
5891,21.576755,ALLOW
5892,19.419080,ALLOW
5893,17.477172,ALLOW
5894,15.729454,ALLOW
5895,14.156509,ALLOW
5896,12.740858,ALLOW
5897,11.466772,ALLOW
5898,10.320095,ALLOW
5899,9.288086,ALLOW
5900,8.359277,ALLOW
5901,7.523349,ALLOW
5902,6.771014,ALLOW
5903,6.093913,ALLOW
5904,5.484522,ALLOW
5905,4.936069,ALLOW
5906,4.442463,ALLOW
5907,3.998216,ALLOW
5908,3.598395,ALLOW
5909,3.238555,ALLOW
5910,2.914700,ALLOW
5911,2.623230,ALLOW
5912,2.360907,ALLOW
5913,2.124816,ALLOW
5914,1.912334,ALLOW
5915,1.721101,ALLOW
5916,1.548991,ALLOW
5917,1.394092,ALLOW
5918,1.254683,ALLOW
5919,1.129214,ALLOW
5920,1.016293,ALLOW
5921,0.914664,ALLOW
5922,0.823197,ALLOW
5923,0.740878,ALLOW
5924,0.666790,ALLOW
5925,0.600111,ALLOW
5926,0.540100,ALLOW
5927,0.486090,ALLOW
5928,0.437481,ALLOW
5929,0.393733,ALLOW
5930,0.354359,ALLOW
5931,0.318923,ALLOW
5932,0.287031,ALLOW
5933,0.258328,ALLOW
5934,0.232495,ALLOW
5935,0.209246,ALLOW
5936,0.188321,ALLOW
5937,0.169489,ALLOW
5938,0.152540,ALLOW
5939,0.137286,ALLOW
5940,0.123557,ALLOW
5941,0.111202,ALLOW
5942,0.100082,ALLOW
5943,0.090073,ALLOW
5944,0.081066,ALLOW
5945,0.072959,ALLOW
5946,0.065664,ALLOW
5947,0.059097,ALLOW
5948,0.053187,ALLOW
5949,0.047869,ALLOW
5950,0.043082,ALLOW
5951,0.038774,ALLOW
5952,0.034896,ALLOW
5953,0.031407,ALLOW
5954,0.028266,ALLOW
5955,0.025439,ALLOW
5956,0.022895,ALLOW
5957,0.020606,ALLOW
5958,0.018545,ALLOW
5959,0.016691,ALLOW
5960,0.015022,ALLOW
5961,0.013520,ALLOW
5962,0.012168,ALLOW
5963,0.010951,ALLOW
5964,0.009856,ALLOW
5965,0.008870,ALLOW
5966,0.007983,ALLOW
5967,0.007185,ALLOW
5968,0.006466,ALLOW
5969,0.005820,ALLOW
5970,0.005238,ALLOW
5971,0.004714,ALLOW
5972,0.004243,ALLOW
5973,0.003818,ALLOW
5974,0.003436,ALLOW
5975,0.003093,ALLOW
5976,0.002784,ALLOW
5977,0.002505,ALLOW
5978,0.002255,ALLOW
5979,0.002029,ALLOW
5980,0.001826,ALLOW
5981,0.001644,ALLOW
5982,0.001479,ALLOW
5983,0.001331,ALLOW
5984,0.001198,ALLOW
5985,0.001078,ALLOW
5986,0.000971,ALLOW
5987,0.000874,ALLOW
5988,0.000786,ALLOW
5989,0.000708,ALLOW
5990,0.000637,ALLOW
5991,0.000573,ALLOW
5992,0.000516,ALLOW
5993,0.000464,ALLOW
5994,0.000418,ALLOW
5995,0.000376,ALLOW
5996,0.000338,ALLOW
5997,0.000305,ALLOW
5998,0.000274,ALLOW
5999,0.000247,ALLOW
6000,0.000222,ALLOW
6001,0.000200,ALLOW
6002,0.000180,ALLOW
6003,0.000162,ALLOW
6004,0.000146,ALLOW
6005,0.000131,ALLOW
6006,0.000118,ALLOW
6007,0.000106,ALLOW
6008,0.000096,ALLOW
6009,0.000086,ALLOW
6010,0.000077,ALLOW
6011,0.000070,ALLOW
6012,0.000063,ALLOW
6013,0.000056,ALLOW
6014,0.000051,ALLOW
6015,0.000046,ALLOW
6016,0.000041,ALLOW
6017,0.000037,ALLOW
6018,0.000033,ALLOW
6019,0.000030,ALLOW
6020,0.000027,ALLOW
6021,0.000024,ALLOW
6022,0.000022,ALLOW
6023,0.000020,ALLOW
6024,0.000018,ALLOW
6025,0.000016,ALLOW
6026,0.000014,ALLOW
6027,0.000013,ALLOW
6028,0.000012,ALLOW
6029,0.000010,ALLOW
6030,0.000009,ALLOW
6031,0.000008,ALLOW
6032,0.000008,ALLOW
6033,0.000007,ALLOW
6034,0.000006,ALLOW
6035,0.000006,ALLOW
6036,0.000005,ALLOW
6037,0.000005,ALLOW
6038,0.000004,ALLOW
6039,0.000004,ALLOW
6040,0.000003,ALLOW
6041,0.000003,ALLOW
6042,0.000003,ALLOW
6043,0.000002,ALLOW
6044,0.000002,ALLOW
6045,0.000002,ALLOW
6046,0.000002,ALLOW
6047,0.000002,ALLOW
6048,0.000001,ALLOW
6049,0.000001,ALLOW
6050,0.000001,ALLOW
6051,0.000001,ALLOW
6052,0.000001,ALLOW
6053,0.000001,ALLOW
6054,0.000001,ALLOW
6055,0.000001,ALLOW
6056,0.000001,ALLOW
6057,0.000001,ALLOW
6058,0.000000,ALLOW
6059,0.000000,ALLOW
6060,0.000000,ALLOW
6061,0.000000,ALLOW
6062,0.000000,ALLOW
6063,0.000000,ALLOW
6064,0.000000,ALLOW
6065,0.000000,ALLOW
6066,0.000000,ALLOW
6067,0.000000,ALLOW
6068,0.000000,ALLOW
6069,0.000000,ALLOW
6070,0.000000,ALLOW
6071,0.000000,ALLOW
6072,0.000000,ALLOW
6073,0.000000,ALLOW
6074,0.000000,ALLOW
6075,0.000000,ALLOW
6076,0.000000,ALLOW
6077,0.000000,ALLOW
6078,0.000000,ALLOW
6079,0.000000,ALLOW
6080,0.000000,ALLOW
6081,0.000000,ALLOW
6082,0.000000,ALLOW
6083,0.000000,ALLOW
6084,0.000000,ALLOW
6085,0.000000,ALLOW
6086,0.000000,ALLOW
6087,0.000000,ALLOW
6088,0.000000,ALLOW
6089,0.000000,ALLOW
6090,0.000000,ALLOW
6091,0.000000,ALLOW
6092,0.000000,ALLOW
6093,0.000000,ALLOW
6094,0.000000,ALLOW
6095,0.000000,ALLOW
6096,0.000000,ALLOW
6097,0.000000,ALLOW
6098,0.000000,ALLOW
6099,0.000000,ALLOW
6100,0.000000,ALLOW
6101,0.000000,ALLOW
6102,0.000000,ALLOW
6103,0.000000,ALLOW
6104,0.000000,ALLOW
6105,0.000000,ALLOW
6106,0.000000,ALLOW
6107,0.000000,ALLOW
6108,0.000000,ALLOW
6109,0.000000,ALLOW
6110,0.000000,ALLOW
6111,0.000000,ALLOW
6112,0.000000,ALLOW
6113,0.000000,ALLOW
6114,0.000000,ALLOW
6115,0.000000,ALLOW
6116,0.000000,ALLOW
6117,0.000000,ALLOW
6118,0.000000,ALLOW
6119,0.000000,ALLOW
6120,0.000000,ALLOW
6121,0.000000,ALLOW
6122,0.000000,ALLOW
6123,0.000000,ALLOW
6124,0.000000,ALLOW
6125,0.000000,ALLOW
6126,0.000000,ALLOW
6127,0.000000,ALLOW
6128,0.000000,ALLOW
6129,0.000000,ALLOW
6130,0.000000,ALLOW
6131,0.000000,ALLOW
6132,0.000000,ALLOW
6133,0.000000,ALLOW
6134,0.000000,ALLOW
6135,0.000000,ALLOW
6136,0.000000,ALLOW
6137,0.000000,ALLOW
6138,0.000000,ALLOW
6139,0.000000,ALLOW
6140,0.000000,ALLOW
6141,0.000000,ALLOW
6142,0.000000,ALLOW
6143,0.000000,ALLOW
6144,0.000000,ALLOW
6145,0.000000,ALLOW
6146,0.000000,ALLOW
6147,0.000000,ALLOW
6148,0.000000,ALLOW
6149,0.000000,ALLOW
6150,0.000000,ALLOW
6151,0.000000,ALLOW
6152,0.000000,ALLOW
6153,0.000000,ALLOW
6154,0.000000,ALLOW
6155,0.000000,ALLOW
6156,0.000000,ALLOW
6157,0.000000,ALLOW
6158,0.000000,ALLOW
6159,0.000000,ALLOW
6160,0.000000,ALLOW
6161,0.000000,ALLOW
6162,0.000000,ALLOW
6163,0.000000,ALLOW
6164,0.000000,ALLOW
6165,0.000000,ALLOW
6166,0.000000,ALLOW
6167,0.000000,ALLOW
6168,0.000000,ALLOW
6169,0.000000,ALLOW
6170,0.000000,ALLOW
6171,0.000000,ALLOW
6172,0.000000,ALLOW
6173,0.000000,ALLOW
6174,0.000000,ALLOW
6175,0.000000,ALLOW
6176,0.000000,ALLOW
6177,0.000000,ALLOW
6178,0.000000,ALLOW
6179,0.000000,ALLOW
6180,0.000000,ALLOW
6181,0.000000,ALLOW
6182,0.000000,ALLOW
6183,0.000000,ALLOW
6184,0.000000,ALLOW
6185,0.000000,ALLOW
6186,0.000000,ALLOW
6187,0.000000,ALLOW
6188,0.000000,ALLOW
6189,0.000000,ALLOW
6190,0.000000,ALLOW
6191,0.000000,ALLOW
6192,0.000000,ALLOW
6193,0.000000,ALLOW
6194,0.000000,ALLOW
6195,0.000000,ALLOW
6196,0.000000,ALLOW
6197,0.000000,ALLOW
6198,0.000000,ALLOW
6199,0.000000,ALLOW
6200,0.000000,ALLOW
6201,0.000000,ALLOW
6202,0.000000,ALLOW
6203,0.000000,ALLOW
6204,0.000000,ALLOW
6205,0.000000,ALLOW
6206,0.000000,ALLOW
6207,0.000000,ALLOW
6208,0.000000,ALLOW
6209,0.000000,ALLOW
6210,0.000000,ALLOW
6211,0.000000,ALLOW
6212,0.000000,ALLOW
6213,0.000000,ALLOW
6214,0.000000,ALLOW
6215,0.000000,ALLOW
6216,0.000000,ALLOW
6217,0.000000,ALLOW
6218,0.000000,ALLOW
6219,0.000000,ALLOW
6220,0.000000,ALLOW
6221,0.000000,ALLOW
6222,0.000000,ALLOW
6223,0.000000,ALLOW
6224,0.000000,ALLOW
6225,0.000000,ALLOW
6226,0.000000,ALLOW
6227,0.000000,ALLOW
6228,0.000000,ALLOW
6229,0.000000,ALLOW
6230,0.000000,ALLOW
6231,0.000000,ALLOW
6232,0.000000,ALLOW
6233,0.000000,ALLOW
6234,0.000000,ALLOW
6235,0.000000,ALLOW
6236,0.000000,ALLOW
6237,0.000000,ALLOW
6238,0.000000,ALLOW
6239,0.000000,ALLOW
6240,0.000000,ALLOW
6241,0.000000,ALLOW
6242,0.000000,ALLOW
6243,0.000000,ALLOW
6244,0.000000,ALLOW
6245,0.000000,ALLOW
6246,0.000000,ALLOW
6247,0.000000,ALLOW
6248,0.000000,ALLOW
6249,0.000000,ALLOW
6250,0.000000,ALLOW
6251,0.000000,ALLOW
6252,0.000000,ALLOW
6253,0.000000,ALLOW
6254,0.000000,ALLOW
6255,0.000000,ALLOW
6256,0.000000,ALLOW
6257,0.000000,ALLOW
6258,0.000000,ALLOW
6259,0.000000,ALLOW
6260,0.000000,ALLOW
6261,0.000000,ALLOW
6262,0.000000,ALLOW
6263,0.000000,ALLOW
6264,0.000000,ALLOW
6265,0.000000,ALLOW
6266,0.000000,ALLOW
6267,0.000000,ALLOW
6268,0.000000,ALLOW
6269,0.000000,ALLOW
6270,0.000000,ALLOW
6271,0.000000,ALLOW
6272,0.000000,ALLOW
6273,0.000000,ALLOW
6274,0.000000,ALLOW
6275,0.000000,ALLOW
6276,0.000000,ALLOW
6277,0.000000,ALLOW
6278,0.000000,ALLOW
6279,0.000000,ALLOW
6280,0.000000,ALLOW
6281,0.000000,ALLOW
6282,0.000000,ALLOW
6283,0.000000,ALLOW
6284,0.000000,ALLOW
6285,0.000000,ALLOW
6286,0.000000,ALLOW
6287,0.000000,ALLOW
6288,0.000000,ALLOW
6289,0.000000,ALLOW
6290,0.000000,ALLOW
6291,0.000000,ALLOW
6292,0.000000,ALLOW
6293,0.000000,ALLOW
6294,0.000000,ALLOW
6295,0.000000,ALLOW
6296,0.000000,ALLOW
6297,0.000000,ALLOW
6298,0.000000,ALLOW
6299,0.000000,ALLOW
6300,0.000000,ALLOW
6301,0.000000,ALLOW
6302,0.000000,ALLOW
6303,0.000000,ALLOW
6304,0.000000,ALLOW
6305,0.000000,ALLOW
6306,0.000000,ALLOW
6307,0.000000,ALLOW
6308,0.000000,ALLOW
6309,0.000000,ALLOW
6310,0.000000,ALLOW
6311,0.000000,ALLOW
6312,0.000000,ALLOW
6313,0.000000,ALLOW
6314,0.000000,ALLOW
6315,0.000000,ALLOW
6316,0.000000,ALLOW
6317,0.000000,ALLOW
6318,0.000000,ALLOW
6319,0.000000,ALLOW
6320,0.000000,ALLOW
6321,0.000000,ALLOW
6322,0.000000,ALLOW
6323,0.000000,ALLOW
6324,0.000000,ALLOW
6325,0.000000,ALLOW
6326,0.000000,ALLOW
6327,0.000000,ALLOW
6328,0.000000,ALLOW
6329,0.000000,ALLOW
6330,0.000000,ALLOW
6331,0.000000,ALLOW
6332,0.000000,ALLOW
6333,0.000000,ALLOW
6334,0.000000,ALLOW
6335,0.000000,ALLOW
6336,0.000000,ALLOW
6337,0.000000,ALLOW
6338,0.000000,ALLOW
6339,0.000000,ALLOW
6340,0.000000,ALLOW
6341,0.000000,ALLOW
6342,0.000000,ALLOW
6343,0.000000,ALLOW
6344,0.000000,ALLOW
6345,0.000000,ALLOW
6346,0.000000,ALLOW
6347,0.000000,ALLOW
6348,0.000000,ALLOW
6349,0.000000,ALLOW
6350,0.000000,ALLOW
6351,0.000000,ALLOW
6352,0.000000,ALLOW
6353,0.000000,ALLOW
6354,0.000000,ALLOW
6355,0.000000,ALLOW
6356,0.000000,ALLOW
6357,0.000000,ALLOW
6358,0.000000,ALLOW
6359,0.000000,ALLOW
6360,0.000000,ALLOW
6361,0.000000,ALLOW
6362,0.000000,ALLOW
6363,0.000000,ALLOW
6364,0.000000,ALLOW
6365,0.000000,ALLOW
6366,0.000000,ALLOW
6367,0.000000,ALLOW
6368,0.000000,ALLOW
6369,0.000000,ALLOW
6370,0.000000,ALLOW
6371,0.000000,ALLOW
6372,0.000000,ALLOW
6373,0.000000,ALLOW
6374,0.000000,ALLOW
6375,0.000000,ALLOW
6376,0.000000,ALLOW
6377,0.000000,ALLOW
6378,0.000000,ALLOW
6379,0.000000,ALLOW
6380,0.000000,ALLOW
6381,0.000000,ALLOW
6382,0.000000,ALLOW
6383,0.000000,ALLOW
6384,0.000000,ALLOW
6385,0.000000,ALLOW
6386,0.000000,ALLOW
6387,0.000000,ALLOW
6388,0.000000,ALLOW
6389,0.000000,ALLOW
6390,0.000000,ALLOW
6391,0.000000,ALLOW
6392,0.000000,ALLOW
6393,0.000000,ALLOW
6394,0.000000,ALLOW
6395,0.000000,ALLOW
6396,0.000000,ALLOW
6397,0.000000,ALLOW
6398,0.000000,ALLOW
6399,0.000000,ALLOW
6400,0.000000,ALLOW
6401,0.000000,ALLOW
6402,0.000000,ALLOW
6403,0.000000,ALLOW
6404,0.000000,ALLOW
6405,0.000000,ALLOW
6406,0.000000,ALLOW
6407,0.000000,ALLOW
6408,0.000000,ALLOW
6409,0.000000,ALLOW
6410,0.000000,ALLOW
6411,0.000000,ALLOW
6412,0.000000,ALLOW
6413,0.000000,ALLOW
6414,0.000000,ALLOW
6415,0.000000,ALLOW
6416,0.000000,ALLOW
6417,0.000000,ALLOW
6418,0.000000,ALLOW
6419,0.000000,ALLOW
6420,0.000000,ALLOW
6421,0.000000,ALLOW
6422,0.000000,ALLOW
6423,0.000000,ALLOW
6424,0.000000,ALLOW
6425,0.000000,ALLOW
6426,0.000000,ALLOW
6427,0.000000,ALLOW
6428,0.000000,ALLOW
6429,0.000000,ALLOW
6430,0.000000,ALLOW
6431,0.000000,ALLOW
6432,0.000000,ALLOW
6433,0.000000,ALLOW
6434,0.000000,ALLOW
6435,0.000000,ALLOW
6436,0.000000,ALLOW
6437,0.000000,ALLOW
6438,0.000000,ALLOW
6439,0.000000,ALLOW
6440,0.000000,ALLOW
6441,0.000000,ALLOW
6442,0.000000,ALLOW
6443,0.000000,ALLOW
6444,0.000000,ALLOW
6445,0.000000,ALLOW
6446,0.000000,ALLOW
6447,0.000000,ALLOW
6448,0.000000,ALLOW
6449,0.000000,ALLOW
6450,0.000000,ALLOW
6451,0.000000,ALLOW
6452,0.000000,ALLOW
6453,0.000000,ALLOW
6454,0.000000,ALLOW
6455,0.000000,ALLOW
6456,0.000000,ALLOW
6457,0.000000,ALLOW
6458,0.000000,ALLOW
6459,0.000000,ALLOW
6460,0.000000,ALLOW
6461,0.000000,ALLOW
6462,0.000000,ALLOW
6463,0.000000,ALLOW
6464,0.000000,ALLOW
6465,0.000000,ALLOW
6466,0.000000,ALLOW
6467,0.000000,ALLOW
6468,0.000000,ALLOW
6469,0.000000,ALLOW
6470,0.000000,ALLOW
6471,0.000000,ALLOW
6472,0.000000,ALLOW
6473,0.000000,ALLOW
6474,0.000000,ALLOW
6475,0.000000,ALLOW
6476,0.000000,ALLOW
6477,0.000000,ALLOW
6478,0.000000,ALLOW
6479,0.000000,ALLOW
6480,0.000000,ALLOW
6481,0.000000,ALLOW
6482,0.000000,ALLOW
6483,0.000000,ALLOW
6484,0.000000,ALLOW
6485,0.000000,ALLOW
6486,0.000000,ALLOW
6487,0.000000,ALLOW
6488,0.000000,ALLOW
6489,0.000000,ALLOW
6490,0.000000,ALLOW
6491,0.000000,ALLOW
6492,0.000000,ALLOW
6493,0.000000,ALLOW
6494,0.000000,ALLOW
6495,0.000000,ALLOW
6496,0.000000,ALLOW
6497,0.000000,ALLOW
6498,0.000000,ALLOW
6499,0.000000,ALLOW
6500,0.000000,ALLOW
6501,0.000000,ALLOW
6502,0.000000,ALLOW
6503,0.000000,ALLOW
6504,0.000000,ALLOW
6505,0.000000,ALLOW
6506,0.000000,ALLOW
6507,0.000000,ALLOW
6508,0.000000,ALLOW
6509,0.000000,ALLOW
6510,0.000000,ALLOW
6511,0.000000,ALLOW
6512,0.000000,ALLOW
6513,0.000000,ALLOW
6514,0.000000,ALLOW
6515,0.000000,ALLOW
6516,0.000000,ALLOW
6517,0.000000,ALLOW
6518,0.000000,ALLOW
6519,0.000000,ALLOW
6520,0.000000,ALLOW
6521,0.000000,ALLOW
6522,0.000000,ALLOW
6523,0.000000,ALLOW
6524,0.000000,ALLOW
6525,0.000000,ALLOW
6526,0.000000,ALLOW
6527,0.000000,ALLOW
6528,0.000000,ALLOW
6529,0.000000,ALLOW
6530,0.000000,ALLOW
6531,0.000000,ALLOW
6532,0.000000,ALLOW
6533,0.000000,ALLOW
6534,0.000000,ALLOW
6535,0.000000,ALLOW
6536,0.000000,ALLOW
6537,0.000000,ALLOW
6538,0.000000,ALLOW
6539,0.000000,ALLOW
6540,0.000000,ALLOW
6541,0.000000,ALLOW
6542,0.000000,ALLOW
6543,0.000000,ALLOW
6544,0.000000,ALLOW
6545,0.000000,ALLOW
6546,0.000000,ALLOW
6547,0.000000,ALLOW
6548,0.000000,ALLOW
6549,0.000000,ALLOW
6550,0.000000,ALLOW
6551,0.000000,ALLOW
6552,0.000000,ALLOW
6553,0.000000,ALLOW
6554,0.000000,ALLOW
6555,0.000000,ALLOW
6556,0.000000,ALLOW
6557,0.000000,ALLOW
6558,0.000000,ALLOW
6559,0.000000,ALLOW
6560,0.000000,ALLOW
6561,0.000000,ALLOW
6562,0.000000,ALLOW
6563,0.000000,ALLOW
6564,0.000000,ALLOW
6565,0.000000,ALLOW
6566,0.000000,ALLOW
6567,0.000000,ALLOW
6568,0.000000,ALLOW
6569,0.000000,ALLOW
6570,0.000000,ALLOW
6571,0.000000,ALLOW
6572,0.000000,ALLOW
6573,0.000000,ALLOW
6574,0.000000,ALLOW
6575,0.000000,ALLOW
6576,0.000000,ALLOW
6577,0.000000,ALLOW
6578,0.000000,ALLOW
6579,0.000000,ALLOW
6580,0.000000,ALLOW
6581,0.000000,ALLOW
6582,0.000000,ALLOW
6583,0.000000,ALLOW
6584,0.000000,ALLOW
6585,0.000000,ALLOW
6586,0.000000,ALLOW
6587,0.000000,ALLOW
6588,0.000000,ALLOW
6589,0.000000,ALLOW
6590,0.000000,ALLOW
6591,0.000000,ALLOW
6592,0.000000,ALLOW
6593,0.000000,ALLOW
6594,0.000000,ALLOW
6595,0.000000,ALLOW
6596,0.000000,ALLOW
6597,0.000000,ALLOW
6598,0.000000,ALLOW
6599,0.000000,ALLOW
6600,0.000000,ALLOW
6601,0.000000,ALLOW
6602,0.000000,ALLOW
6603,0.000000,ALLOW
6604,0.000000,ALLOW
6605,0.000000,ALLOW
6606,0.000000,ALLOW
6607,0.000000,ALLOW
6608,0.000000,ALLOW
6609,0.000000,ALLOW
6610,0.000000,ALLOW
6611,0.000000,ALLOW
6612,0.000000,ALLOW
6613,0.000000,ALLOW
6614,0.000000,ALLOW
6615,0.000000,ALLOW
6616,0.000000,ALLOW
6617,0.000000,ALLOW
6618,0.000000,ALLOW
6619,0.000000,ALLOW
6620,0.000000,ALLOW
6621,0.000000,ALLOW
6622,0.000000,ALLOW
6623,0.000000,ALLOW
6624,0.000000,ALLOW
6625,0.000000,ALLOW
6626,0.000000,ALLOW
6627,0.000000,ALLOW
6628,2.029502,ALLOW
6629,1.826552,ALLOW
6630,1.643897,ALLOW
6631,1.479507,ALLOW
6632,1.331556,ALLOW
6633,1.198401,ALLOW
6634,1.078561,ALLOW
6635,0.970705,ALLOW
6636,0.873634,ALLOW
6637,0.786271,ALLOW
6638,0.707644,ALLOW
6639,0.636879,ALLOW
6640,0.573191,ALLOW
6641,0.515872,ALLOW
6642,0.464285,ALLOW
6643,0.417857,ALLOW
6644,0.376071,ALLOW
6645,0.338464,ALLOW
6646,0.304617,ALLOW
6647,0.274156,ALLOW
6648,0.246740,ALLOW
6649,0.222066,ALLOW
6650,0.199859,ALLOW
6651,0.179874,ALLOW
6652,0.161886,ALLOW
6653,0.145698,ALLOW
6654,0.131128,ALLOW
6655,0.118015,ALLOW
6656,0.106214,ALLOW
6657,0.095592,ALLOW
6658,0.086033,ALLOW
6659,0.077430,ALLOW
6660,0.069687,ALLOW
6661,0.062718,ALLOW
6662,0.056446,ALLOW
6663,0.050802,ALLOW
6664,0.045721,ALLOW
6665,0.041149,ALLOW
6666,0.037034,ALLOW
6667,0.033331,ALLOW
6668,0.029998,ALLOW
6669,0.026998,ALLOW
6670,0.024298,ALLOW
6671,0.021868,ALLOW
6672,0.019682,ALLOW
6673,0.017713,ALLOW
6674,0.015942,ALLOW
6675,0.014348,ALLOW
6676,0.012913,ALLOW
6677,0.011622,ALLOW
6678,0.010460,ALLOW
6679,0.009414,ALLOW
6680,0.008472,ALLOW
6681,0.007625,ALLOW
6682,0.006863,ALLOW
6683,0.006176,ALLOW
6684,0.005559,ALLOW
6685,0.005003,ALLOW
6686,0.004503,ALLOW
6687,0.004052,ALLOW
6688,0.003647,ALLOW
6689,0.003282,ALLOW
6690,0.002954,ALLOW
6691,0.002659,ALLOW
6692,0.002393,ALLOW
6693,0.002154,ALLOW
6694,0.001938,ALLOW
6695,0.001744,ALLOW
6696,0.001570,ALLOW
6697,0.001413,ALLOW
6698,0.001272,ALLOW
6699,0.001144,ALLOW
6700,0.001030,ALLOW
6701,0.000927,ALLOW
6702,0.000834,ALLOW
6703,0.000751,ALLOW
6704,0.000676,ALLOW
6705,0.000608,ALLOW
6706,0.000547,ALLOW
6707,0.000493,ALLOW
6708,0.000443,ALLOW
6709,0.000399,ALLOW
6710,0.000359,ALLOW
6711,0.000323,ALLOW
6712,0.000291,ALLOW
6713,0.000262,ALLOW
6714,0.000236,ALLOW
6715,0.000212,ALLOW
6716,0.000191,ALLOW
6717,0.000172,ALLOW
6718,0.000155,ALLOW
6719,0.000139,ALLOW
6720,0.000125,ALLOW
6721,0.000113,ALLOW
6722,0.000101,ALLOW
6723,0.000091,ALLOW
6724,0.000082,ALLOW
6725,0.000074,ALLOW
6726,0.000067,ALLOW
6727,0.000060,ALLOW
6728,0.000054,ALLOW
6729,0.000049,ALLOW
6730,0.000044,ALLOW
6731,0.000039,ALLOW
6732,0.000035,ALLOW
6733,0.000032,ALLOW
6734,0.000029,ALLOW
6735,0.000026,ALLOW
6736,0.000023,ALLOW
6737,0.000021,ALLOW
6738,0.000019,ALLOW
6739,0.000017,ALLOW
6740,0.000015,ALLOW
6741,0.000014,ALLOW
6742,0.000012,ALLOW
6743,0.000011,ALLOW
6744,0.000010,ALLOW
6745,0.000009,ALLOW
6746,0.000008,ALLOW
6747,0.000007,ALLOW
6748,0.000007,ALLOW
6749,0.000006,ALLOW
6750,0.000005,ALLOW
6751,0.000005,ALLOW
6752,0.000004,ALLOW
6753,0.000004,ALLOW
6754,0.000003,ALLOW
6755,0.000003,ALLOW
6756,0.000003,ALLOW
6757,0.000003,ALLOW
6758,0.000002,ALLOW
6759,0.000002,ALLOW
6760,0.000002,ALLOW
6761,0.000002,ALLOW
6762,0.000001,ALLOW
6763,0.000001,ALLOW
6764,0.000001,ALLOW
6765,0.000001,ALLOW
6766,0.000001,ALLOW
6767,0.000001,ALLOW
6768,0.000001,ALLOW
6769,0.000001,ALLOW
6770,0.000001,ALLOW
6771,0.000001,ALLOW
6772,0.000001,ALLOW
6773,0.000000,ALLOW
6774,0.000000,ALLOW
6775,0.000000,ALLOW
6776,0.000000,ALLOW
6777,0.000000,ALLOW
6778,0.000000,ALLOW
6779,0.000000,ALLOW
6780,0.000000,ALLOW
6781,0.000000,ALLOW
6782,0.000000,ALLOW
6783,0.000000,ALLOW
6784,0.000000,ALLOW
6785,0.000000,ALLOW
6786,0.000000,ALLOW
6787,0.000000,ALLOW
6788,0.000000,ALLOW
6789,0.000000,ALLOW
6790,0.000000,ALLOW
6791,0.000000,ALLOW
6792,0.000000,ALLOW
6793,0.000000,ALLOW
6794,0.000000,ALLOW
6795,0.000000,ALLOW
6796,0.000000,ALLOW
6797,0.000000,ALLOW
6798,0.000000,ALLOW
6799,0.000000,ALLOW
6800,0.000000,ALLOW
6801,0.000000,ALLOW
6802,0.000000,ALLOW
6803,0.000000,ALLOW
6804,0.000000,ALLOW
6805,0.000000,ALLOW
6806,0.000000,ALLOW
6807,0.000000,ALLOW
6808,0.000000,ALLOW
6809,0.000000,ALLOW
6810,0.000000,ALLOW
6811,0.000000,ALLOW
6812,0.000000,ALLOW
6813,0.000000,ALLOW
6814,0.000000,ALLOW
6815,0.000000,ALLOW
6816,373.014576,ALLOW
6817,335.713119,ALLOW
6818,302.141807,ALLOW
6819,271.927626,ALLOW
6820,244.734863,ALLOW
6821,220.261377,ALLOW
6822,198.235239,ALLOW
6823,178.411715,ALLOW
6824,160.570544,ALLOW
6825,144.513490,ALLOW
6826,130.062141,ALLOW
6827,117.055927,ALLOW
6828,105.350334,ALLOW
6829,94.815300,ALLOW
6830,85.333770,ALLOW
6831,76.800393,ALLOW
6832,69.120354,ALLOW
6833,62.208319,ALLOW
6834,55.987487,ALLOW
6835,50.388738,ALLOW
6836,45.349864,ALLOW
6837,40.814878,ALLOW
6838,36.733390,ALLOW
6839,33.060051,ALLOW
6840,29.754046,ALLOW
6841,26.778641,ALLOW
6842,24.100777,ALLOW
6843,21.690700,ALLOW
6844,19.521630,ALLOW
6845,17.569467,ALLOW
6846,15.812520,ALLOW
6847,14.231268,ALLOW
6848,12.808141,ALLOW
6849,11.527327,ALLOW
6850,10.374594,ALLOW
6851,9.337135,ALLOW
6852,8.403421,ALLOW
6853,7.563079,ALLOW
6854,6.806771,ALLOW
6855,6.126094,ALLOW
6856,5.513485,ALLOW
6857,4.962136,ALLOW
6858,4.465923,ALLOW
6859,4.019330,ALLOW
6860,3.617397,ALLOW
6861,3.255658,ALLOW
6862,2.930092,ALLOW
6863,2.637083,ALLOW
6864,2.373374,ALLOW
6865,2.136037,ALLOW
6866,1.922433,ALLOW
6867,1.730190,ALLOW
6868,1.557171,ALLOW
6869,1.401454,ALLOW
6870,1.261308,ALLOW
6871,1.135178,ALLOW
6872,1.021660,ALLOW
6873,0.919494,ALLOW
6874,0.827544,ALLOW
6875,0.744790,ALLOW
6876,0.670311,ALLOW
6877,0.603280,ALLOW
6878,0.542952,ALLOW
6879,0.488657,ALLOW
6880,0.439791,ALLOW
6881,0.395812,ALLOW
6882,0.356231,ALLOW
6883,0.320608,ALLOW
6884,0.288547,ALLOW
6885,0.259692,ALLOW
6886,0.233723,ALLOW
6887,0.210351,ALLOW
6888,0.189316,ALLOW
6889,0.170384,ALLOW
6890,0.153346,ALLOW
6891,0.138011,ALLOW
6892,3.658729,ALLOW
6893,3.292856,ALLOW
6894,2.963571,ALLOW
6895,2.667214,ALLOW
6896,2.400492,ALLOW
6897,2.160443,ALLOW
6898,1.944399,ALLOW
6899,1.749959,ALLOW
6900,1.574963,ALLOW
6901,1.417467,ALLOW
6902,1.275720,ALLOW
6903,1.148148,ALLOW
6904,1.033333,ALLOW
6905,0.930000,ALLOW
6906,0.837000,ALLOW
6907,0.753300,ALLOW
6908,0.677970,ALLOW
6909,0.610173,ALLOW
6910,0.549156,ALLOW
6911,0.494240,ALLOW
6912,0.444816,ALLOW
6913,0.400334,ALLOW
6914,0.360301,ALLOW
6915,0.324271,ALLOW
6916,0.291844,ALLOW
6917,0.262659,ALLOW
6918,0.236393,ALLOW
6919,0.212754,ALLOW
6920,2.062177,ALLOW
6921,1.855959,ALLOW
6922,1.670363,ALLOW
6923,1.503327,ALLOW
6924,1.352994,ALLOW
6925,1.217695,ALLOW
6926,1.095925,ALLOW
6927,0.986333,ALLOW
6928,0.887699,ALLOW
6929,0.798929,ALLOW
6930,0.719036,ALLOW
6931,0.647133,ALLOW
6932,0.582420,ALLOW
6933,0.524178,ALLOW
6934,0.471760,ALLOW
6935,0.424584,ALLOW
6936,0.382125,ALLOW
6937,0.343913,ALLOW
6938,0.309522,ALLOW
6939,0.278569,ALLOW
6940,0.250713,ALLOW
6941,0.225641,ALLOW
6942,0.203077,ALLOW
6943,0.182769,ALLOW
6944,0.164492,ALLOW
6945,0.148043,ALLOW
6946,0.133239,ALLOW
6947,0.119915,ALLOW
6948,0.107924,ALLOW
6949,0.097131,ALLOW
6950,0.087418,ALLOW
6951,0.078676,ALLOW
6952,0.070809,ALLOW
6953,0.063728,ALLOW
6954,0.057355,ALLOW
6955,0.051619,ALLOW
6956,0.046458,ALLOW
6957,0.041812,ALLOW
6958,0.037631,ALLOW
6959,0.033868,ALLOW
6960,0.030481,ALLOW
6961,0.027433,ALLOW
6962,0.024689,ALLOW
6963,0.022220,ALLOW
6964,0.019998,ALLOW
6965,0.017999,ALLOW
6966,0.016199,ALLOW
6967,0.014579,ALLOW
6968,0.013121,ALLOW
6969,0.011809,ALLOW
6970,0.010628,ALLOW
6971,0.009565,ALLOW
6972,0.008609,ALLOW
6973,0.007748,ALLOW
6974,0.006973,ALLOW
6975,0.006276,ALLOW
6976,0.005648,ALLOW
6977,0.005083,ALLOW
6978,0.004575,ALLOW
6979,0.004118,ALLOW
6980,0.003706,ALLOW
6981,0.003335,ALLOW
6982,0.003002,ALLOW
6983,0.002701,ALLOW
6984,0.002431,ALLOW
6985,0.002188,ALLOW
6986,0.001969,ALLOW
6987,0.001772,ALLOW
6988,0.001595,ALLOW
6989,0.001436,ALLOW
6990,0.001292,ALLOW
6991,0.001163,ALLOW
6992,0.001047,ALLOW
6993,0.000942,ALLOW
6994,0.000848,ALLOW
6995,0.000763,ALLOW
6996,0.000687,ALLOW
6997,0.000618,ALLOW
6998,0.000556,ALLOW
6999,0.000501,ALLOW
7000,0.000451,ALLOW
7001,0.000405,ALLOW
7002,0.000365,ALLOW
7003,0.000328,ALLOW
7004,0.000296,ALLOW
7005,0.000266,ALLOW
7006,0.000239,ALLOW
7007,0.000215,ALLOW
7008,0.000194,ALLOW
7009,0.000175,ALLOW
7010,0.000157,ALLOW
7011,0.000141,ALLOW
7012,0.000127,ALLOW
7013,0.000115,ALLOW
7014,0.000103,ALLOW
7015,0.000093,ALLOW
7016,0.000083,ALLOW
7017,0.000075,ALLOW
7018,0.000068,ALLOW
7019,0.000061,ALLOW
7020,0.000055,ALLOW
7021,0.000049,ALLOW
7022,0.000044,ALLOW
7023,0.000040,ALLOW
7024,0.000036,ALLOW
7025,0.000032,ALLOW
7026,0.000029,ALLOW
7027,0.000026,ALLOW
7028,0.000024,ALLOW
7029,0.000021,ALLOW
7030,0.000019,ALLOW
7031,0.000017,ALLOW
7032,0.000015,ALLOW
7033,0.000014,ALLOW
7034,0.000013,ALLOW
7035,0.000011,ALLOW
7036,0.000010,ALLOW
7037,0.000009,ALLOW
7038,0.000008,ALLOW
7039,0.000007,ALLOW
7040,0.000007,ALLOW
7041,0.000006,ALLOW
7042,0.000005,ALLOW
7043,0.000005,ALLOW
7044,0.000004,ALLOW
7045,0.000004,ALLOW
7046,0.000004,ALLOW
7047,0.000003,ALLOW
7048,0.000003,ALLOW
7049,0.000003,ALLOW
7050,0.000002,ALLOW
7051,0.000002,ALLOW
7052,0.000002,ALLOW
7053,0.000002,ALLOW
7054,0.000002,ALLOW
7055,0.000001,ALLOW
7056,0.000001,ALLOW
7057,0.000001,ALLOW
7058,0.000001,ALLOW
7059,0.000001,ALLOW
7060,0.000001,ALLOW
7061,0.000001,ALLOW
7062,0.000001,ALLOW
7063,0.000001,ALLOW
7064,0.000001,ALLOW
7065,0.000000,ALLOW
7066,0.000000,ALLOW
7067,0.000000,ALLOW
7068,0.000000,ALLOW
7069,0.000000,ALLOW
7070,0.000000,ALLOW
7071,0.000000,ALLOW
7072,0.000000,ALLOW
7073,0.000000,ALLOW
7074,0.000000,ALLOW
7075,0.000000,ALLOW
7076,0.000000,ALLOW
7077,0.000000,ALLOW
7078,0.000000,ALLOW
7079,0.000000,ALLOW
7080,0.000000,ALLOW
7081,0.000000,ALLOW
7082,0.000000,ALLOW
7083,0.000000,ALLOW
7084,0.000000,ALLOW
7085,0.000000,ALLOW
7086,0.000000,ALLOW
7087,0.000000,ALLOW
7088,0.000000,ALLOW
7089,0.000000,ALLOW
7090,0.000000,ALLOW
7091,0.000000,ALLOW
7092,0.000000,ALLOW
7093,0.000000,ALLOW
7094,0.000000,ALLOW
7095,0.000000,ALLOW
7096,0.000000,ALLOW
7097,0.000000,ALLOW
7098,0.000000,ALLOW
7099,0.000000,ALLOW
7100,0.000000,ALLOW
7101,0.000000,ALLOW
7102,0.000000,ALLOW
7103,0.000000,ALLOW
7104,0.000000,ALLOW
7105,0.000000,ALLOW
7106,0.000000,ALLOW
7107,0.000000,ALLOW
7108,0.000000,ALLOW
7109,0.000000,ALLOW
7110,0.000000,ALLOW
7111,0.000000,ALLOW
7112,0.000000,ALLOW
7113,0.000000,ALLOW
7114,0.000000,ALLOW
7115,0.000000,ALLOW
7116,0.000000,ALLOW
7117,0.000000,ALLOW
7118,0.000000,ALLOW
7119,0.000000,ALLOW
7120,0.000000,ALLOW
7121,0.000000,ALLOW
7122,0.000000,ALLOW
7123,0.000000,ALLOW
7124,0.000000,ALLOW
7125,0.000000,ALLOW
7126,0.000000,ALLOW
7127,0.000000,ALLOW
7128,0.000000,ALLOW
7129,0.000000,ALLOW
7130,0.000000,ALLOW
7131,0.000000,ALLOW
7132,0.000000,ALLOW
7133,0.000000,ALLOW
7134,0.000000,ALLOW
7135,0.000000,ALLOW
7136,0.000000,ALLOW
7137,0.000000,ALLOW
7138,0.000000,ALLOW
7139,0.000000,ALLOW
7140,0.000000,ALLOW
7141,0.000000,ALLOW
7142,0.000000,ALLOW
7143,0.000000,ALLOW
7144,0.000000,ALLOW
7145,0.000000,ALLOW
7146,0.000000,ALLOW
7147,0.000000,ALLOW
7148,0.000000,ALLOW
7149,0.000000,ALLOW
7150,0.000000,ALLOW
7151,0.000000,ALLOW
7152,0.000000,ALLOW
7153,0.000000,ALLOW
7154,0.000000,ALLOW
7155,0.000000,ALLOW
7156,0.000000,ALLOW
7157,0.000000,ALLOW
7158,0.000000,ALLOW
7159,0.000000,ALLOW
7160,0.000000,ALLOW
7161,0.000000,ALLOW
7162,0.000000,ALLOW
7163,0.000000,ALLOW
7164,0.000000,ALLOW
7165,0.000000,ALLOW
7166,0.000000,ALLOW
7167,0.000000,ALLOW
7168,0.000000,ALLOW
7169,0.000000,ALLOW
7170,0.000000,ALLOW
7171,0.000000,ALLOW
7172,0.000000,ALLOW
7173,0.000000,ALLOW
7174,0.000000,ALLOW
7175,0.000000,ALLOW
7176,0.000000,ALLOW
7177,0.000000,ALLOW
7178,0.000000,ALLOW
7179,0.000000,ALLOW
7180,0.000000,ALLOW
7181,0.000000,ALLOW
7182,0.000000,ALLOW
7183,0.000000,ALLOW
7184,0.000000,ALLOW
7185,0.000000,ALLOW
7186,0.000000,ALLOW
7187,0.000000,ALLOW
7188,0.000000,ALLOW
7189,0.000000,ALLOW
7190,0.000000,ALLOW
7191,0.000000,ALLOW
7192,0.000000,ALLOW
7193,0.000000,ALLOW
7194,0.000000,ALLOW
7195,0.000000,ALLOW
7196,0.000000,ALLOW
7197,0.000000,ALLOW
7198,0.000000,ALLOW
7199,0.000000,ALLOW
7200,0.000000,ALLOW
7201,0.000000,ALLOW
7202,0.000000,ALLOW
7203,0.000000,ALLOW
7204,0.000000,ALLOW
7205,0.000000,ALLOW
7206,0.000000,ALLOW
7207,0.000000,ALLOW
7208,0.000000,ALLOW
7209,0.000000,ALLOW
7210,0.000000,ALLOW
7211,0.000000,ALLOW
7212,0.000000,ALLOW
7213,0.000000,ALLOW
7214,0.000000,ALLOW
7215,0.000000,ALLOW
7216,0.000000,ALLOW
7217,0.000000,ALLOW
7218,0.000000,ALLOW
7219,0.000000,ALLOW
7220,0.000000,ALLOW
7221,0.000000,ALLOW
7222,0.000000,ALLOW
7223,0.000000,ALLOW
7224,0.000000,ALLOW
7225,0.000000,ALLOW
7226,0.000000,ALLOW
7227,0.000000,ALLOW
7228,0.000000,ALLOW
7229,0.000000,ALLOW
7230,0.000000,ALLOW
7231,0.000000,ALLOW
7232,0.000000,ALLOW
7233,0.000000,ALLOW
7234,0.000000,ALLOW
7235,0.000000,ALLOW
7236,0.000000,ALLOW
7237,0.000000,ALLOW
7238,0.000000,ALLOW
7239,0.000000,ALLOW
7240,0.000000,ALLOW
7241,0.000000,ALLOW
7242,0.000000,ALLOW
7243,0.000000,ALLOW
7244,0.000000,ALLOW
7245,0.000000,ALLOW
7246,0.000000,ALLOW
7247,0.000000,ALLOW
7248,0.000000,ALLOW
7249,0.000000,ALLOW
7250,0.000000,ALLOW
7251,0.000000,ALLOW
7252,0.000000,ALLOW
7253,0.000000,ALLOW
7254,0.000000,ALLOW
7255,0.000000,ALLOW
7256,0.000000,ALLOW
7257,0.000000,ALLOW
7258,0.000000,ALLOW
7259,0.000000,ALLOW
7260,0.000000,ALLOW
7261,0.000000,ALLOW
7262,0.000000,ALLOW
7263,0.000000,ALLOW
7264,0.000000,ALLOW
7265,0.000000,ALLOW
7266,0.000000,ALLOW
7267,0.000000,ALLOW
7268,0.000000,ALLOW
7269,0.000000,ALLOW
7270,0.000000,ALLOW
7271,0.000000,ALLOW
7272,0.000000,ALLOW
7273,0.000000,ALLOW
7274,0.000000,ALLOW
7275,0.000000,ALLOW
7276,0.000000,ALLOW
7277,0.000000,ALLOW
7278,0.000000,ALLOW
7279,0.000000,ALLOW
7280,0.000000,ALLOW
7281,0.000000,ALLOW
7282,0.000000,ALLOW
7283,0.000000,ALLOW
7284,0.000000,ALLOW
7285,0.000000,ALLOW
7286,0.000000,ALLOW
7287,0.000000,ALLOW
7288,0.000000,ALLOW
7289,0.000000,ALLOW
7290,0.000000,ALLOW
7291,0.000000,ALLOW
7292,0.000000,ALLOW
7293,0.000000,ALLOW
7294,0.000000,ALLOW
7295,0.000000,ALLOW
7296,0.000000,ALLOW
7297,0.000000,ALLOW
7298,0.000000,ALLOW
7299,0.000000,ALLOW
7300,0.000000,ALLOW
7301,0.000000,ALLOW
7302,0.000000,ALLOW
7303,0.000000,ALLOW
7304,0.000000,ALLOW
7305,0.000000,ALLOW
7306,0.000000,ALLOW
7307,0.000000,ALLOW
7308,0.000000,ALLOW
7309,0.000000,ALLOW
7310,0.000000,ALLOW
7311,0.000000,ALLOW
7312,0.000000,ALLOW
7313,0.000000,ALLOW
7314,0.000000,ALLOW
7315,0.000000,ALLOW
7316,0.000000,ALLOW
7317,0.000000,ALLOW
7318,0.000000,ALLOW
7319,0.000000,ALLOW
7320,0.000000,ALLOW
7321,0.000000,ALLOW
7322,0.000000,ALLOW
7323,0.000000,ALLOW
7324,0.000000,ALLOW
7325,0.000000,ALLOW
7326,0.000000,ALLOW
7327,0.000000,ALLOW
7328,0.000000,ALLOW
7329,0.000000,ALLOW
7330,0.000000,ALLOW
7331,0.000000,ALLOW
7332,0.000000,ALLOW
7333,0.000000,ALLOW
7334,0.000000,ALLOW
7335,0.000000,ALLOW
7336,0.000000,ALLOW
7337,0.000000,ALLOW
7338,0.000000,ALLOW
7339,0.000000,ALLOW
7340,0.000000,ALLOW
7341,0.000000,ALLOW
7342,0.000000,ALLOW
7343,0.000000,ALLOW
7344,0.000000,ALLOW
7345,0.000000,ALLOW
7346,0.000000,ALLOW
7347,0.000000,ALLOW
7348,0.000000,ALLOW
7349,0.000000,ALLOW
7350,0.000000,ALLOW
7351,0.000000,ALLOW
7352,0.000000,ALLOW
7353,0.000000,ALLOW
7354,0.000000,ALLOW
7355,0.000000,ALLOW
7356,0.000000,ALLOW
7357,0.000000,ALLOW
7358,0.000000,ALLOW
7359,0.000000,ALLOW
7360,0.000000,ALLOW
7361,0.000000,ALLOW
7362,0.000000,ALLOW
7363,0.000000,ALLOW
7364,0.000000,ALLOW
7365,0.000000,ALLOW
7366,0.000000,ALLOW
7367,0.000000,ALLOW
7368,0.000000,ALLOW
7369,0.000000,ALLOW
7370,0.000000,ALLOW
7371,0.000000,ALLOW
7372,0.000000,ALLOW
7373,0.000000,ALLOW
7374,0.000000,ALLOW
7375,0.000000,ALLOW
7376,0.000000,ALLOW
7377,0.000000,ALLOW
7378,0.000000,ALLOW
7379,0.000000,ALLOW
7380,0.000000,ALLOW
7381,0.000000,ALLOW
7382,0.000000,ALLOW
7383,0.000000,ALLOW
7384,0.000000,ALLOW
7385,0.000000,ALLOW
7386,0.000000,ALLOW
7387,0.000000,ALLOW
7388,0.000000,ALLOW
7389,0.000000,ALLOW
7390,0.000000,ALLOW
7391,0.000000,ALLOW
7392,0.000000,ALLOW
7393,0.000000,ALLOW
7394,0.000000,ALLOW
7395,0.000000,ALLOW
7396,0.000000,ALLOW
7397,0.000000,ALLOW
7398,0.000000,ALLOW
7399,0.000000,ALLOW
7400,0.000000,ALLOW
7401,0.000000,ALLOW
7402,0.000000,ALLOW
7403,0.000000,ALLOW
7404,0.000000,ALLOW
7405,0.000000,ALLOW
7406,0.000000,ALLOW
7407,0.000000,ALLOW
7408,0.000000,ALLOW
7409,0.000000,ALLOW
7410,0.000000,ALLOW
7411,0.000000,ALLOW
7412,0.000000,ALLOW
7413,0.000000,ALLOW
7414,0.000000,ALLOW
7415,0.000000,ALLOW
7416,0.000000,ALLOW
7417,0.000000,ALLOW
7418,0.000000,ALLOW
7419,0.000000,ALLOW
7420,0.000000,ALLOW
7421,0.000000,ALLOW
7422,0.000000,ALLOW
7423,0.000000,ALLOW
7424,0.000000,ALLOW
7425,0.000000,ALLOW
7426,0.000000,ALLOW
7427,0.000000,ALLOW
7428,0.000000,ALLOW
7429,0.000000,ALLOW
7430,0.000000,ALLOW
7431,0.000000,ALLOW
7432,0.000000,ALLOW
7433,0.000000,ALLOW
7434,0.000000,ALLOW
7435,0.000000,ALLOW
7436,0.000000,ALLOW
7437,0.000000,ALLOW
7438,0.000000,ALLOW
7439,0.000000,ALLOW
7440,0.000000,ALLOW
7441,0.000000,ALLOW
7442,0.000000,ALLOW
7443,0.000000,ALLOW
7444,0.000000,ALLOW
7445,0.000000,ALLOW
7446,0.000000,ALLOW
7447,0.000000,ALLOW
7448,0.000000,ALLOW
7449,0.000000,ALLOW
7450,0.000000,ALLOW
7451,0.000000,ALLOW
7452,0.000000,ALLOW
7453,0.000000,ALLOW
7454,0.000000,ALLOW
7455,0.000000,ALLOW
7456,0.000000,ALLOW
7457,0.000000,ALLOW
7458,0.000000,ALLOW
7459,0.000000,ALLOW
7460,0.000000,ALLOW
7461,0.000000,ALLOW
7462,0.000000,ALLOW
7463,0.000000,ALLOW
7464,0.000000,ALLOW
7465,0.000000,ALLOW
7466,0.000000,ALLOW
7467,0.000000,ALLOW
7468,0.000000,ALLOW
7469,0.000000,ALLOW
7470,0.000000,ALLOW
7471,0.000000,ALLOW
7472,0.000000,ALLOW
7473,0.000000,ALLOW
7474,0.000000,ALLOW
7475,0.000000,ALLOW
7476,0.000000,ALLOW
7477,0.000000,ALLOW
7478,0.000000,ALLOW
7479,0.000000,ALLOW
7480,0.000000,ALLOW
7481,0.000000,ALLOW
7482,0.000000,ALLOW
7483,0.000000,ALLOW
7484,0.000000,ALLOW
7485,0.000000,ALLOW
7486,0.000000,ALLOW
7487,0.000000,ALLOW
7488,0.000000,ALLOW
7489,0.000000,ALLOW
7490,0.000000,ALLOW
7491,0.000000,ALLOW
7492,0.000000,ALLOW
7493,0.000000,ALLOW
7494,0.000000,ALLOW
7495,0.000000,ALLOW
7496,0.000000,ALLOW
7497,0.000000,ALLOW
7498,0.000000,ALLOW
7499,0.000000,ALLOW
7500,0.000000,ALLOW
7501,0.000000,ALLOW
7502,0.000000,ALLOW
7503,0.000000,ALLOW
7504,0.000000,ALLOW
7505,0.000000,ALLOW
7506,0.000000,ALLOW
7507,0.000000,ALLOW
7508,0.000000,ALLOW
7509,0.000000,ALLOW
7510,0.000000,ALLOW
7511,0.000000,ALLOW
7512,0.000000,ALLOW
7513,0.000000,ALLOW
7514,0.000000,ALLOW
7515,0.000000,ALLOW
7516,0.000000,ALLOW
7517,0.000000,ALLOW
7518,0.000000,ALLOW
7519,0.000000,ALLOW
7520,0.000000,ALLOW
7521,0.000000,ALLOW
7522,0.000000,ALLOW
7523,0.000000,ALLOW
7524,0.000000,ALLOW
7525,0.000000,ALLOW
7526,0.000000,ALLOW
7527,0.000000,ALLOW
7528,0.000000,ALLOW
7529,0.000000,ALLOW
7530,0.000000,ALLOW
7531,0.000000,ALLOW
7532,0.000000,ALLOW
7533,0.000000,ALLOW
7534,0.000000,ALLOW
7535,0.000000,ALLOW
7536,0.000000,ALLOW
7537,0.000000,ALLOW
7538,0.000000,ALLOW
7539,0.000000,ALLOW
7540,0.000000,ALLOW
7541,0.000000,ALLOW
7542,0.000000,ALLOW
7543,0.000000,ALLOW
7544,0.000000,ALLOW
7545,0.000000,ALLOW
7546,0.000000,ALLOW
7547,0.000000,ALLOW
7548,0.000000,ALLOW
7549,0.000000,ALLOW
7550,0.000000,ALLOW
7551,0.000000,ALLOW
7552,0.000000,ALLOW
7553,0.000000,ALLOW
7554,0.000000,ALLOW
7555,0.000000,ALLOW
7556,0.000000,ALLOW
7557,0.000000,ALLOW
7558,0.000000,ALLOW
7559,0.000000,ALLOW
7560,0.000000,ALLOW
7561,0.000000,ALLOW
7562,0.000000,ALLOW
7563,0.000000,ALLOW
7564,0.000000,ALLOW
7565,0.000000,ALLOW
7566,0.000000,ALLOW
7567,0.000000,ALLOW
7568,0.000000,ALLOW
7569,0.000000,ALLOW
7570,0.000000,ALLOW
7571,0.000000,ALLOW
7572,0.000000,ALLOW
7573,0.000000,ALLOW
7574,0.000000,ALLOW
7575,0.000000,ALLOW
7576,0.000000,ALLOW
7577,0.000000,ALLOW
7578,0.000000,ALLOW
7579,0.000000,ALLOW
7580,0.000000,ALLOW
7581,0.000000,ALLOW
7582,0.000000,ALLOW
7583,0.000000,ALLOW
7584,0.000000,ALLOW
7585,0.000000,ALLOW
7586,0.000000,ALLOW
7587,0.000000,ALLOW
7588,0.000000,ALLOW
7589,0.000000,ALLOW
7590,0.000000,ALLOW
7591,0.000000,ALLOW
7592,0.000000,ALLOW
7593,0.000000,ALLOW
7594,0.000000,ALLOW
7595,0.000000,ALLOW
7596,0.000000,ALLOW
7597,0.000000,ALLOW
7598,0.000000,ALLOW
7599,0.000000,ALLOW
7600,4.628674,ALLOW
7601,4.165806,ALLOW
7602,3.749226,ALLOW
7603,3.374303,ALLOW
7604,3.036873,ALLOW
7605,2.733186,ALLOW
7606,2.459867,ALLOW
7607,2.213880,ALLOW
7608,1.992492,ALLOW
7609,1.793243,ALLOW
7610,1.613919,ALLOW
7611,1.452527,ALLOW
7612,1.307274,ALLOW
7613,1.176547,ALLOW
7614,1.058892,ALLOW
7615,0.953003,ALLOW
7616,12.952141,ALLOW
7617,11.656927,ALLOW
7618,10.491235,ALLOW
7619,9.442111,ALLOW
7620,8.497900,ALLOW
7621,7.648110,ALLOW
7622,6.883299,ALLOW
7623,6.194969,ALLOW
7624,5.575472,ALLOW
7625,5.017925,ALLOW
7626,6.472543,ALLOW
7627,5.825288,ALLOW
7628,5.242760,ALLOW
7629,4.718484,ALLOW
7630,4.246635,ALLOW
7631,3.821972,ALLOW
7632,3.439775,ALLOW
7633,3.095797,ALLOW
7634,2.786217,ALLOW
7635,2.507596,ALLOW
7636,2.256836,ALLOW
7637,2.031152,ALLOW
7638,1.828037,ALLOW
7639,1.645234,ALLOW
7640,1.480710,ALLOW
7641,1.332639,ALLOW
7642,8.080800,ALLOW
7643,7.272720,ALLOW
7644,6.545448,ALLOW
7645,5.890903,ALLOW
7646,5.301813,ALLOW
7647,4.771631,ALLOW
7648,4.294468,ALLOW
7649,3.865021,ALLOW
7650,3.478519,ALLOW
7651,3.130667,ALLOW
7652,2.817601,ALLOW
7653,2.535841,ALLOW
7654,2.282256,ALLOW
7655,2.054031,ALLOW
7656,1.848628,ALLOW
7657,1.663765,ALLOW
7658,1.497388,ALLOW
7659,1.347650,ALLOW
7660,1.212885,ALLOW
7661,1.091596,ALLOW
7662,0.982437,ALLOW
7663,0.884193,ALLOW
7664,0.795774,ALLOW
7665,0.716196,ALLOW
7666,0.644577,ALLOW
7667,0.580119,ALLOW
7668,0.522107,ALLOW
7669,0.469896,ALLOW
7670,0.422907,ALLOW
7671,4.656299,ALLOW
7672,4.190669,ALLOW
7673,3.771602,ALLOW
7674,3.394442,ALLOW
7675,3.054998,ALLOW
7676,2.749498,ALLOW
7677,2.474548,ALLOW
7678,2.227093,ALLOW
7679,2.004384,ALLOW
7680,1.803946,ALLOW
7681,1.623551,ALLOW
7682,1.461196,ALLOW
7683,1.315076,ALLOW
7684,1.183569,ALLOW
7685,1.065212,ALLOW
7686,0.958691,ALLOW
7687,0.862822,ALLOW
7688,0.776539,ALLOW
7689,0.698885,ALLOW
7690,0.628997,ALLOW
7691,0.566097,ALLOW
7692,0.509488,ALLOW
7693,0.458539,ALLOW
7694,0.412685,ALLOW
7695,41.836840,ALLOW
7696,37.653156,ALLOW
7697,33.887840,ALLOW
7698,30.499056,ALLOW
7699,27.449151,ALLOW
7700,24.704236,ALLOW
7701,22.233812,ALLOW
7702,20.010431,ALLOW
7703,18.009388,ALLOW
7704,16.208449,ALLOW
7705,14.587604,ALLOW
7706,13.128844,ALLOW
7707,11.815959,ALLOW
7708,10.634363,ALLOW
7709,9.570927,ALLOW
7710,8.613834,ALLOW
7711,7.752451,ALLOW
7712,9.981370,ALLOW
7713,8.983233,ALLOW
7714,8.084909,ALLOW
7715,7.276418,ALLOW
7716,12.454060,ALLOW
7717,11.208654,ALLOW
7718,10.087789,ALLOW
7719,9.079010,ALLOW
7720,8.171109,ALLOW
7721,7.353998,ALLOW
7722,6.618598,ALLOW
7723,5.956738,ALLOW
7724,5.361065,ALLOW
7725,4.824958,ALLOW
7726,4.342462,ALLOW
7727,3.908216,ALLOW
7728,3.517394,ALLOW
7729,3.165655,ALLOW
7730,2.849089,ALLOW
7731,2.564181,ALLOW
7732,2.307762,ALLOW
7733,2.076986,ALLOW
7734,1.869288,ALLOW
7735,1.682359,ALLOW
7736,8.631530,ALLOW
7737,7.768377,ALLOW
7738,6.991540,ALLOW
7739,6.292386,ALLOW
7740,5.663147,ALLOW
7741,5.096832,ALLOW
7742,4.587149,ALLOW
7743,4.128434,ALLOW
7744,3.715591,ALLOW
7745,3.344032,ALLOW
7746,3.009629,ALLOW
7747,2.708666,ALLOW
7748,2.437799,ALLOW
7749,2.194019,ALLOW
7750,1.974617,ALLOW
7751,1.777156,ALLOW
7752,1.599440,ALLOW
7753,1.439496,ALLOW
7754,1.295546,ALLOW
7755,1.165992,ALLOW
7756,1.049393,ALLOW
7757,0.944453,ALLOW
7758,0.850008,ALLOW
7759,0.765007,ALLOW
7760,0.688506,ALLOW
7761,0.619656,ALLOW
7762,0.557690,ALLOW
7763,0.501921,ALLOW
7764,16.650225,ALLOW
7765,14.985202,ALLOW
7766,13.486682,ALLOW
7767,12.138014,ALLOW
7768,10.924212,ALLOW
7769,9.831791,ALLOW
7770,8.848612,ALLOW
7771,7.963751,ALLOW
7772,7.167376,ALLOW
7773,6.450638,ALLOW
7774,5.805574,ALLOW
7775,5.225017,ALLOW
7776,4.702515,ALLOW
7777,4.232264,ALLOW
7778,3.809037,ALLOW
7779,3.428134,ALLOW
7780,3.085320,ALLOW
7781,2.776788,ALLOW
7782,2.499109,ALLOW
7783,2.249198,ALLOW
7784,2.024279,ALLOW
7785,1.821851,ALLOW
7786,1.639666,ALLOW
7787,1.475699,ALLOW
7788,1.328129,ALLOW
7789,1.195316,ALLOW
7790,1.075785,ALLOW
7791,0.968206,ALLOW
7792,0.871386,ALLOW
7793,0.784247,ALLOW
7794,0.705822,ALLOW
7795,0.635240,ALLOW
7796,0.571716,ALLOW
7797,0.514544,ALLOW
7798,0.463090,ALLOW
7799,0.416781,ALLOW
7800,0.375103,ALLOW
7801,0.337593,ALLOW
7802,0.303833,ALLOW
7803,0.273450,ALLOW
7804,0.246105,ALLOW
7805,0.221495,ALLOW
7806,0.199345,ALLOW
7807,0.179411,ALLOW
7808,0.161470,ALLOW
7809,0.145323,ALLOW
7810,0.130790,ALLOW
7811,0.117711,ALLOW
7812,0.105940,ALLOW
7813,0.095346,ALLOW
7814,0.085812,ALLOW
7815,0.077230,ALLOW
7816,0.069507,ALLOW
7817,0.062557,ALLOW
7818,0.056301,ALLOW
7819,0.050671,ALLOW
7820,0.045604,ALLOW
7821,0.041043,ALLOW
7822,4.914156,ALLOW
7823,4.422740,ALLOW
7824,3.980466,ALLOW
7825,3.582420,ALLOW
7826,3.224178,ALLOW
7827,2.901760,ALLOW
7828,2.611584,ALLOW
7829,2.350426,ALLOW
7830,2.115383,ALLOW
7831,1.903845,ALLOW
7832,1.713460,ALLOW
7833,1.542114,ALLOW
7834,1.387903,ALLOW
7835,1.249112,ALLOW
7836,5.030991,ALLOW
7837,4.527892,ALLOW
7838,4.075103,ALLOW
7839,3.667593,ALLOW
7840,3.300833,ALLOW
7841,2.970750,ALLOW
7842,2.673675,ALLOW
7843,2.406308,ALLOW
7844,2.165677,ALLOW
7845,1.949109,ALLOW
7846,9.372199,ALLOW
7847,8.434979,ALLOW
7848,7.591481,ALLOW
7849,6.832333,ALLOW
7850,6.149100,ALLOW
7851,5.534190,ALLOW
7852,4.980771,ALLOW
7853,4.482694,ALLOW
7854,4.034424,ALLOW
7855,3.630982,ALLOW
7856,3.267884,ALLOW
7857,2.941095,ALLOW
7858,2.646986,ALLOW
7859,2.382287,ALLOW
7860,2.144059,ALLOW
7861,1.929653,ALLOW
7862,1.736687,ALLOW
7863,1.563019,ALLOW
7864,1.406717,ALLOW
7865,1.266045,ALLOW
7866,1.139441,ALLOW
7867,1.025497,ALLOW
7868,0.922947,ALLOW
7869,0.830652,ALLOW
7870,9.390508,ALLOW
7871,8.451457,ALLOW
7872,7.606311,ALLOW
7873,6.845680,ALLOW
7874,6.161112,ALLOW
7875,5.545001,ALLOW
7876,4.990501,ALLOW
7877,4.491451,ALLOW
7878,4.042306,ALLOW
7879,3.638075,ALLOW
7880,7.530509,ALLOW
7881,6.777458,ALLOW
7882,6.099712,ALLOW
7883,5.489741,ALLOW
7884,4.940767,ALLOW
7885,4.446690,ALLOW
7886,4.002021,ALLOW
7887,3.601819,ALLOW
7888,3.241637,ALLOW
7889,2.917473,ALLOW
7890,2.625726,ALLOW
7891,2.363154,ALLOW
7892,2.126838,ALLOW
7893,1.914154,ALLOW
7894,1.722739,ALLOW
7895,1.550465,ALLOW
7896,1.395419,ALLOW
7897,1.255877,ALLOW
7898,1.130289,ALLOW
7899,1.017260,ALLOW
7900,0.915534,ALLOW
7901,0.823981,ALLOW
7902,0.741583,ALLOW
7903,0.667424,ALLOW
7904,0.600682,ALLOW
7905,0.540614,ALLOW
7906,0.486552,ALLOW
7907,0.437897,ALLOW
7908,0.394107,ALLOW
7909,0.354697,ALLOW
7910,0.319227,ALLOW
7911,0.287304,ALLOW
7912,0.258574,ALLOW
7913,0.232716,ALLOW
7914,0.209445,ALLOW
7915,0.188500,ALLOW
7916,0.169650,ALLOW
7917,0.152685,ALLOW
7918,0.137417,ALLOW
7919,0.123675,ALLOW
7920,0.111308,ALLOW
7921,0.100177,ALLOW
7922,0.090159,ALLOW
7923,0.081143,ALLOW
7924,0.073029,ALLOW
7925,0.065726,ALLOW
7926,0.059153,ALLOW
7927,0.053238,ALLOW
7928,0.047914,ALLOW
7929,0.043123,ALLOW
7930,5.463037,ALLOW
7931,4.916734,ALLOW
7932,4.425060,ALLOW
7933,3.982554,ALLOW
7934,6.582802,ALLOW
7935,5.924522,ALLOW
7936,5.332070,ALLOW
7937,4.798863,ALLOW
7938,4.318977,ALLOW
7939,3.887079,ALLOW
7940,3.498371,ALLOW
7941,3.148534,ALLOW
7942,2.833681,ALLOW
7943,2.550313,ALLOW
7944,2.295281,ALLOW
7945,2.065753,ALLOW
7946,1.859178,ALLOW
7947,1.673260,ALLOW
7948,3.126510,ALLOW
7949,2.813859,ALLOW
7950,2.532473,ALLOW
7951,2.279226,ALLOW
7952,2.051303,ALLOW
7953,1.846173,ALLOW
7954,1.661556,ALLOW
7955,1.495400,ALLOW
7956,1.345860,ALLOW
7957,1.211274,ALLOW
7958,1.090147,ALLOW
7959,0.981132,ALLOW
7960,0.883019,ALLOW
7961,0.794717,ALLOW
7962,0.715245,ALLOW
7963,0.643721,ALLOW
7964,0.579349,ALLOW
7965,0.521414,ALLOW
7966,0.469272,ALLOW
7967,0.422345,ALLOW
7968,0.380111,ALLOW
7969,0.342100,ALLOW
7970,0.307890,ALLOW
7971,0.277101,ALLOW
7972,0.249391,ALLOW
7973,0.224452,ALLOW
7974,0.202006,ALLOW
7975,0.181806,ALLOW
7976,0.163625,ALLOW
7977,0.147263,ALLOW
7978,0.132536,ALLOW
7979,0.119283,ALLOW
7980,0.107354,ALLOW
7981,0.096619,ALLOW
7982,0.086957,ALLOW
7983,0.078261,ALLOW
7984,0.070435,ALLOW
7985,0.063392,ALLOW
7986,0.057053,ALLOW
7987,0.051347,ALLOW
7988,0.046213,ALLOW
7989,0.041591,ALLOW
7990,0.037432,ALLOW
7991,0.033689,ALLOW
7992,0.030320,ALLOW
7993,0.027288,ALLOW
7994,0.024559,ALLOW
7995,0.022103,ALLOW
7996,0.019893,ALLOW
7997,0.017904,ALLOW
7998,0.016113,ALLOW
7999,0.014502,ALLOW
8000,5.737942,ALLOW
8001,5.164147,ALLOW
8002,4.647733,ALLOW
8003,4.182959,ALLOW
8004,3.764663,ALLOW
8005,3.388197,ALLOW
8006,3.049377,ALLOW
8007,2.744440,ALLOW
8008,139.566963,ALLOW
8009,125.610267,ALLOW
8010,113.049240,ALLOW
8011,101.744316,ALLOW
8012,91.569885,ALLOW
8013,82.412896,ALLOW
8014,74.171606,ALLOW
8015,66.754446,ALLOW
8016,60.079001,ALLOW
8017,54.071101,ALLOW
8018,48.663991,ALLOW
8019,43.797592,ALLOW
8020,39.417833,ALLOW
8021,35.476049,ALLOW
8022,31.928444,ALLOW
8023,28.735600,ALLOW
8024,25.862040,ALLOW
8025,23.275836,ALLOW
8026,20.948252,ALLOW
8027,18.853427,ALLOW
8028,16.968084,ALLOW
8029,15.271276,ALLOW
8030,13.744148,ALLOW
8031,12.369734,ALLOW
8032,11.132760,ALLOW
8033,10.019484,ALLOW
8034,9.017536,ALLOW
8035,8.115782,ALLOW
8036,7.304204,ALLOW
8037,6.573784,ALLOW
8038,5.916405,ALLOW
8039,5.324765,ALLOW
8040,22.812810,ALLOW
8041,20.531529,ALLOW
8042,18.478376,ALLOW
8043,16.630538,ALLOW
8044,14.967484,ALLOW
8045,13.470736,ALLOW
8046,12.123662,ALLOW
8047,10.911296,ALLOW
8048,9.820167,ALLOW
8049,8.838150,ALLOW
8050,7.954335,ALLOW
8051,7.158901,ALLOW
8052,6.443011,ALLOW
8053,5.798710,ALLOW
8054,5.218839,ALLOW
8055,4.696955,ALLOW
8056,4.227260,ALLOW
8057,3.804534,ALLOW
8058,3.424080,ALLOW
8059,3.081672,ALLOW
8060,2.773505,ALLOW
8061,2.496155,ALLOW
8062,2.246539,ALLOW
8063,2.021885,ALLOW
8064,1.819697,ALLOW
8065,1.637727,ALLOW
8066,1.473954,ALLOW
8067,1.326559,ALLOW
8068,1.193903,ALLOW
8069,1.074513,ALLOW
8070,0.967061,ALLOW
8071,0.870355,ALLOW
8072,0.783320,ALLOW
8073,0.704988,ALLOW
8074,0.634489,ALLOW
8075,0.571040,ALLOW
8076,0.513936,ALLOW
8077,0.462542,ALLOW
8078,0.416288,ALLOW
8079,0.374659,ALLOW
8080,0.337193,ALLOW
8081,0.303474,ALLOW
8082,0.273127,ALLOW
8083,0.245814,ALLOW
8084,0.221233,ALLOW
8085,0.199109,ALLOW
8086,0.179198,ALLOW
8087,0.161279,ALLOW
8088,4.977590,ALLOW
8089,4.479831,ALLOW
8090,4.031848,ALLOW
8091,3.628663,ALLOW
8092,3.265796,ALLOW
8093,2.939217,ALLOW
8094,2.645295,ALLOW
8095,2.380766,ALLOW
8096,2.142689,ALLOW
8097,1.928420,ALLOW
8098,1.735578,ALLOW
8099,1.562020,ALLOW
8100,1.405818,ALLOW
8101,1.265236,ALLOW
8102,1.138713,ALLOW
8103,1.024842,ALLOW
8104,0.922357,ALLOW
8105,0.830122,ALLOW
8106,0.747109,ALLOW
8107,0.672399,ALLOW
8108,0.605159,ALLOW
8109,0.544643,ALLOW
8110,0.490179,ALLOW
8111,0.441161,ALLOW
8112,0.397045,ALLOW
8113,0.357340,ALLOW
8114,0.321606,ALLOW
8115,0.289446,ALLOW
8116,0.260501,ALLOW
8117,0.234451,ALLOW
8118,0.211006,ALLOW
8119,0.189905,ALLOW
8120,0.170915,ALLOW
8121,0.153823,ALLOW
8122,0.138441,ALLOW
8123,0.124597,ALLOW
8124,0.112137,ALLOW
8125,0.100923,ALLOW
8126,0.090831,ALLOW
8127,0.081748,ALLOW
8128,0.073573,ALLOW
8129,0.066216,ALLOW
8130,0.059594,ALLOW
8131,0.053635,ALLOW
8132,0.048271,ALLOW
8133,0.043444,ALLOW
8134,0.039100,ALLOW
8135,0.035190,ALLOW
8136,0.031671,ALLOW
8137,0.028504,ALLOW
8138,0.025653,ALLOW
8139,0.023088,ALLOW
8140,0.020779,ALLOW
8141,0.018701,ALLOW
8142,0.016831,ALLOW
8143,0.015148,ALLOW
8144,0.013633,ALLOW
8145,0.012270,ALLOW
8146,0.011043,ALLOW
8147,0.009939,ALLOW
8148,0.008945,ALLOW
8149,0.008050,ALLOW
8150,0.007245,ALLOW
8151,0.006521,ALLOW
8152,0.005869,ALLOW
8153,0.005282,ALLOW
8154,0.004754,ALLOW
8155,0.004278,ALLOW
8156,0.003850,ALLOW
8157,0.003465,ALLOW
8158,0.003119,ALLOW
8159,0.002807,ALLOW
8160,0.002526,ALLOW
8161,0.002274,ALLOW
8162,0.002046,ALLOW
8163,0.001842,ALLOW
8164,0.001657,ALLOW
8165,0.001492,ALLOW
8166,0.001343,ALLOW
8167,0.001208,ALLOW
8168,0.001087,ALLOW
8169,0.000979,ALLOW
8170,15.654096,ALLOW
8171,14.088686,ALLOW
8172,12.679818,ALLOW
8173,11.411836,ALLOW
8174,10.270652,ALLOW
8175,9.243587,ALLOW
8176,8.319228,ALLOW
8177,7.487305,ALLOW
8178,6.738575,ALLOW
8179,6.064717,ALLOW
8180,5.458246,ALLOW
8181,4.912421,ALLOW
8182,4.421179,ALLOW
8183,3.979061,ALLOW
8184,3.581155,ALLOW
8185,3.223040,ALLOW
8186,2.900736,ALLOW
8187,2.610662,ALLOW
8188,2.349596,ALLOW
8189,2.114636,ALLOW
8190,1.903173,ALLOW
8191,1.712855,ALLOW
8192,1.541570,ALLOW
8193,1.387413,ALLOW
8194,1.248672,ALLOW
8195,1.123804,ALLOW
8196,1.011424,ALLOW
8197,0.910282,ALLOW
8198,0.819253,ALLOW
8199,0.737328,ALLOW
8200,0.663595,ALLOW
8201,0.597236,ALLOW
8202,0.537512,ALLOW
8203,0.483761,ALLOW
8204,0.435385,ALLOW
8205,0.391846,ALLOW
8206,0.352662,ALLOW
8207,0.317396,ALLOW
8208,0.285656,ALLOW
8209,0.257090,ALLOW
8210,0.231381,ALLOW
8211,0.208243,ALLOW
8212,0.187419,ALLOW
8213,0.168677,ALLOW
8214,0.151809,ALLOW
8215,0.136628,ALLOW
8216,0.122966,ALLOW
8217,0.110669,ALLOW
8218,0.099602,ALLOW
8219,0.089642,ALLOW
8220,0.080678,ALLOW
8221,0.072610,ALLOW
8222,0.065349,ALLOW
8223,0.058814,ALLOW
8224,0.052933,ALLOW
8225,0.047639,ALLOW
8226,0.042875,ALLOW
8227,0.038588,ALLOW
8228,0.034729,ALLOW
8229,0.031256,ALLOW
8230,0.028131,ALLOW
8231,0.025318,ALLOW
8232,0.022786,ALLOW
8233,0.020507,ALLOW
8234,0.018456,ALLOW
8235,0.016611,ALLOW
8236,0.014950,ALLOW
8237,0.013455,ALLOW
8238,0.012109,ALLOW
8239,0.010898,ALLOW
8240,0.009809,ALLOW
8241,0.008828,ALLOW
8242,0.007945,ALLOW
8243,0.007150,ALLOW
8244,0.006435,ALLOW
8245,0.005792,ALLOW
8246,0.005213,ALLOW
8247,0.004691,ALLOW
8248,0.004222,ALLOW
8249,0.003800,ALLOW
8250,0.003420,ALLOW
8251,0.003078,ALLOW
8252,0.002770,ALLOW
8253,0.002493,ALLOW
8254,0.002244,ALLOW
8255,0.002019,ALLOW
8256,0.001818,ALLOW
8257,0.001636,ALLOW
8258,0.001472,ALLOW
8259,0.001325,ALLOW
8260,0.001192,ALLOW
8261,0.001073,ALLOW
8262,0.000966,ALLOW
8263,0.000869,ALLOW
8264,0.000782,ALLOW
8265,0.000704,ALLOW
8266,0.000634,ALLOW
8267,0.000570,ALLOW
8268,0.000513,ALLOW
8269,0.000462,ALLOW
8270,0.000416,ALLOW
8271,0.000374,ALLOW
8272,0.000337,ALLOW
8273,0.000303,ALLOW
8274,0.000273,ALLOW
8275,0.000246,ALLOW
8276,0.000221,ALLOW
8277,0.000199,ALLOW
8278,0.000179,ALLOW
8279,0.000161,ALLOW
8280,0.000145,ALLOW
8281,0.000130,ALLOW
8282,0.000117,ALLOW
8283,0.000106,ALLOW
8284,0.000095,ALLOW
8285,0.000086,ALLOW
8286,0.000077,ALLOW
8287,0.000069,ALLOW
8288,0.000062,ALLOW
8289,0.000056,ALLOW
8290,0.000051,ALLOW
8291,0.000045,ALLOW
8292,6.544744,ALLOW
8293,5.890270,ALLOW
8294,5.301243,ALLOW
8295,4.771119,ALLOW
8296,4.294007,ALLOW
8297,5.537547,ALLOW
8298,4.983793,ALLOW
8299,4.485413,ALLOW
8300,4.036872,ALLOW
8301,3.633185,ALLOW
8302,3.269866,ALLOW
8303,2.942880,ALLOW
8304,2.648592,ALLOW
8305,2.383733,ALLOW
8306,2.145359,ALLOW
8307,1.930823,ALLOW
8308,1.737741,ALLOW
8309,1.563967,ALLOW
8310,1.407570,ALLOW
8311,1.266813,ALLOW
8312,1.140132,ALLOW
8313,1.026119,ALLOW
8314,0.923507,ALLOW
8315,0.831156,ALLOW
8316,0.748041,ALLOW
8317,0.673236,ALLOW
8318,0.605913,ALLOW
8319,0.545322,ALLOW
8320,0.490789,ALLOW
8321,0.441710,ALLOW
8322,0.397539,ALLOW
8323,0.357785,ALLOW
8324,0.322007,ALLOW
8325,0.289806,ALLOW
8326,0.260826,ALLOW
8327,0.234743,ALLOW
8328,0.211269,ALLOW
8329,0.190142,ALLOW
8330,0.171128,ALLOW
8331,0.154015,ALLOW
8332,0.138613,ALLOW
8333,0.124752,ALLOW
8334,0.112277,ALLOW
8335,0.101049,ALLOW
8336,0.090944,ALLOW
8337,0.081850,ALLOW
8338,0.073665,ALLOW
8339,0.066298,ALLOW
8340,0.059669,ALLOW
8341,0.053702,ALLOW
8342,0.048332,ALLOW
8343,0.043498,ALLOW
8344,0.039149,ALLOW
8345,0.035234,ALLOW
8346,0.031710,ALLOW
8347,0.028539,ALLOW
8348,0.025685,ALLOW
8349,0.023117,ALLOW
8350,0.020805,ALLOW
8351,0.018725,ALLOW
8352,0.016852,ALLOW
8353,0.015167,ALLOW
8354,0.013650,ALLOW
8355,0.012285,ALLOW
8356,0.011057,ALLOW
8357,0.009951,ALLOW
8358,0.008956,ALLOW
8359,0.008060,ALLOW
8360,0.007254,ALLOW
8361,0.006529,ALLOW
8362,0.005876,ALLOW
8363,0.005288,ALLOW
8364,0.004760,ALLOW
8365,9.197616,ALLOW
8366,8.277854,ALLOW
8367,7.450069,ALLOW
8368,6.705062,ALLOW
8369,6.034556,ALLOW
8370,5.431100,ALLOW
8371,4.887990,ALLOW
8372,4.399191,ALLOW
8373,3.959272,ALLOW
8374,3.563345,ALLOW
8375,3.207010,ALLOW
8376,2.886309,ALLOW
8377,2.597678,ALLOW
8378,8.383212,ALLOW
8379,7.544891,ALLOW
8380,6.790402,ALLOW
8381,6.111361,ALLOW
8382,5.500225,ALLOW
8383,8.880821,ALLOW
8384,7.992739,ALLOW
8385,7.193465,ALLOW
8386,6.474119,ALLOW
8387,5.826707,ALLOW
8388,5.244036,ALLOW
8389,4.719632,ALLOW
8390,4.247669,ALLOW
8391,3.822902,ALLOW
8392,3.440612,ALLOW
8393,3.096551,ALLOW
8394,2.786896,ALLOW
8395,2.508206,ALLOW
8396,2.257386,ALLOW
8397,2.031647,ALLOW
8398,1.828482,ALLOW
8399,1.645634,ALLOW
8400,1.481071,ALLOW
8401,1.332964,ALLOW
8402,1.199667,ALLOW
8403,1.079701,ALLOW
8404,0.971730,ALLOW
8405,0.874557,ALLOW
8406,0.787102,ALLOW
8407,0.708392,ALLOW
8408,0.637552,ALLOW
8409,0.573797,ALLOW
8410,0.516417,ALLOW
8411,0.464776,ALLOW
8412,0.418298,ALLOW
8413,0.376468,ALLOW
8414,0.338821,ALLOW
8415,0.304939,ALLOW
8416,0.274445,ALLOW
8417,0.247001,ALLOW
8418,0.222301,ALLOW
8419,0.200071,ALLOW
8420,0.180064,ALLOW
8421,0.162057,ALLOW
8422,0.145852,ALLOW
8423,2.209954,ALLOW
8424,1.988959,ALLOW
8425,1.790063,ALLOW
8426,3.454647,ALLOW
8427,3.109183,ALLOW
8428,2.798264,ALLOW
8429,2.518438,ALLOW
8430,2.266594,ALLOW
8431,2.039935,ALLOW
8432,1.835941,ALLOW
8433,1.652347,ALLOW
8434,1.487112,ALLOW
8435,1.338401,ALLOW
8436,1.204561,ALLOW
8437,1.084105,ALLOW
8438,0.975694,ALLOW
8439,0.878125,ALLOW
8440,0.790313,ALLOW
8441,0.711281,ALLOW
8442,0.640153,ALLOW
8443,0.576138,ALLOW
8444,0.518524,ALLOW
8445,0.466672,ALLOW
8446,0.420004,ALLOW
8447,0.378004,ALLOW
8448,0.340204,ALLOW
8449,0.306183,ALLOW
8450,0.275565,ALLOW
8451,0.248008,ALLOW
8452,0.223208,ALLOW
8453,0.200887,ALLOW
8454,0.180798,ALLOW
8455,5.276425,ALLOW
8456,4.748783,ALLOW
8457,4.273904,ALLOW
8458,3.846514,ALLOW
8459,3.461863,ALLOW
8460,3.115676,ALLOW
8461,2.804109,ALLOW
8462,2.523698,ALLOW
8463,2.271328,ALLOW
8464,2.044195,ALLOW
8465,1.839776,ALLOW
8466,1.655798,ALLOW
8467,1.490218,ALLOW
8468,10.622380,ALLOW
8469,9.560142,ALLOW
8470,8.604128,ALLOW
8471,7.743715,ALLOW
8472,6.969344,ALLOW
8473,6.272409,ALLOW
8474,5.645168,ALLOW
8475,8.340278,ALLOW
8476,7.506250,ALLOW
8477,6.755625,ALLOW
8478,6.080063,ALLOW
8479,5.472056,ALLOW
8480,4.924851,ALLOW
8481,7.418975,ALLOW
8482,6.677077,ALLOW
8483,6.009370,ALLOW
8484,5.408433,ALLOW
8485,4.867589,ALLOW
8486,4.380830,ALLOW
8487,8.379411,ALLOW
8488,7.541470,ALLOW
8489,6.787323,ALLOW
8490,6.108591,ALLOW
8491,5.497732,ALLOW
8492,4.947958,ALLOW
8493,4.453163,ALLOW
8494,4.007846,ALLOW
8495,3.607062,ALLOW
8496,3.246355,ALLOW
8497,2.921720,ALLOW
8498,2.629548,ALLOW
8499,2.366593,ALLOW
8500,2.129934,ALLOW
8501,1.916940,ALLOW
8502,1.725246,ALLOW
8503,1.552722,ALLOW
8504,1.397450,ALLOW
8505,1.257705,ALLOW
8506,1.131934,ALLOW
8507,1.018741,ALLOW
8508,0.916867,ALLOW
8509,0.825180,ALLOW
8510,0.742662,ALLOW
8511,0.668396,ALLOW
8512,0.601556,ALLOW
8513,0.541401,ALLOW
8514,0.487261,ALLOW
8515,0.438534,ALLOW
8516,0.394681,ALLOW
8517,0.355213,ALLOW
8518,0.319692,ALLOW
8519,0.287722,ALLOW
8520,0.258950,ALLOW
8521,0.233055,ALLOW
8522,0.209750,ALLOW
8523,0.188775,ALLOW
8524,3.656443,ALLOW
8525,3.290799,ALLOW
8526,2.961719,ALLOW
8527,2.665547,ALLOW
8528,2.398993,ALLOW
8529,2.159093,ALLOW
8530,1.943184,ALLOW
8531,1.748866,ALLOW
8532,1.573979,ALLOW
8533,1.416581,ALLOW
8534,1.274923,ALLOW
8535,1.147431,ALLOW
8536,3.535093,ALLOW
8537,3.181584,ALLOW
8538,2.863426,ALLOW
8539,2.577083,ALLOW
8540,2.319375,ALLOW
8541,2.087437,ALLOW
8542,1.878694,ALLOW
8543,1.690824,ALLOW
8544,1.521742,ALLOW
8545,1.369568,ALLOW
8546,1.232611,ALLOW
8547,1.109350,ALLOW
8548,0.998415,ALLOW
8549,0.898573,ALLOW
8550,0.808716,ALLOW
8551,0.727844,ALLOW
8552,0.655060,ALLOW
8553,0.589554,ALLOW
8554,0.530599,ALLOW
8555,0.477539,ALLOW
8556,0.429785,ALLOW
8557,0.386806,ALLOW
8558,0.348126,ALLOW
8559,0.313313,ALLOW
8560,0.281982,ALLOW
8561,0.253784,ALLOW
8562,11.127705,ALLOW
8563,10.014934,ALLOW
8564,9.013441,ALLOW
8565,15.261389,ALLOW
8566,13.735250,ALLOW
8567,12.361725,ALLOW
8568,11.125553,ALLOW
8569,10.012997,ALLOW
8570,9.011698,ALLOW
8571,8.110528,ALLOW
8572,7.299475,ALLOW
8573,6.569528,ALLOW
8574,5.912575,ALLOW
8575,5.321317,ALLOW
8576,4.789186,ALLOW
8577,8.093722,ALLOW
8578,7.284350,ALLOW
8579,6.555915,ALLOW
8580,5.900323,ALLOW
8581,5.310291,ALLOW
8582,4.779262,ALLOW
8583,4.301336,ALLOW
8584,3.871202,ALLOW
8585,3.484082,ALLOW
8586,3.135674,ALLOW
8587,2.822106,ALLOW
8588,2.539896,ALLOW
8589,2.285906,ALLOW
8590,2.057316,ALLOW
8591,1.851584,ALLOW
8592,1.666426,ALLOW
8593,1.499783,ALLOW
8594,1.349805,ALLOW
8595,1.214824,ALLOW
8596,1.093342,ALLOW
8597,2.552648,ALLOW
8598,2.297383,ALLOW
8599,2.067645,ALLOW
8600,1.860880,ALLOW
8601,1.674792,ALLOW
8602,1.507313,ALLOW
8603,1.356582,ALLOW
8604,1.220923,ALLOW
8605,1.098831,ALLOW
8606,0.988948,ALLOW
8607,0.890053,ALLOW
8608,0.801048,ALLOW
8609,0.720943,ALLOW
8610,5.912931,ALLOW
8611,5.321638,ALLOW
8612,4.789474,ALLOW
8613,4.310527,ALLOW
8614,3.879474,ALLOW
8615,6.227068,ALLOW
8616,5.604361,ALLOW
8617,5.043925,ALLOW
8618,4.539533,ALLOW
8619,4.085579,ALLOW
8620,3.677021,ALLOW
8621,3.309319,ALLOW
8622,2.978387,ALLOW
8623,2.680549,ALLOW
8624,2.412494,ALLOW
8625,2.171244,ALLOW
8626,1.954120,ALLOW
8627,1.758708,ALLOW
8628,1.582837,ALLOW
8629,1.424553,ALLOW
8630,1.282098,ALLOW
8631,1.153888,ALLOW
8632,1.038499,ALLOW
8633,0.934649,ALLOW
8634,0.841185,ALLOW
8635,0.757066,ALLOW
8636,0.681359,ALLOW
8637,0.613224,ALLOW
8638,0.551901,ALLOW
8639,0.496711,ALLOW
8640,0.447040,ALLOW
8641,0.402336,ALLOW
8642,0.362102,ALLOW
8643,0.325892,ALLOW
8644,0.293303,ALLOW
8645,0.263973,ALLOW
8646,7.709155,ALLOW
8647,6.938240,ALLOW
8648,6.244416,ALLOW
8649,5.619974,ALLOW
8650,5.057977,ALLOW
8651,4.552179,ALLOW
8652,4.096961,ALLOW
8653,3.687265,ALLOW
8654,3.318539,ALLOW
8655,2.986685,ALLOW
8656,2.688016,ALLOW
8657,9.109032,ALLOW
8658,8.198129,ALLOW
8659,7.378316,ALLOW
8660,6.640484,ALLOW
8661,5.976436,ALLOW
8662,5.378792,ALLOW
8663,4.840913,ALLOW
8664,4.356822,ALLOW
8665,3.921140,ALLOW
8666,3.529026,ALLOW
8667,4.975584,ALLOW
8668,4.478025,ALLOW
8669,4.030223,ALLOW
8670,3.627201,ALLOW
8671,3.264481,ALLOW
8672,2.938032,ALLOW
8673,2.644229,ALLOW
8674,2.379806,ALLOW
8675,4.098792,ALLOW
8676,3.688913,ALLOW
8677,3.320021,ALLOW
8678,2.988019,ALLOW
8679,2.689217,ALLOW
8680,2.420296,ALLOW
8681,2.178266,ALLOW
8682,1.960439,ALLOW
8683,1.764395,ALLOW
8684,1.587956,ALLOW
8685,1.429160,ALLOW
8686,1.286244,ALLOW
8687,1.157620,ALLOW
8688,1.041858,ALLOW
8689,0.937672,ALLOW
8690,0.843905,ALLOW
8691,0.759514,ALLOW
8692,0.683563,ALLOW
8693,0.615207,ALLOW
8694,4.770550,ALLOW
8695,4.293495,ALLOW
8696,3.864145,ALLOW
8697,3.477731,ALLOW
8698,3.129958,ALLOW
8699,2.816962,ALLOW
8700,2.535266,ALLOW
8701,2.281739,ALLOW
8702,2.053565,ALLOW
8703,1.848209,ALLOW
8704,1.663388,ALLOW
8705,1.497049,ALLOW
8706,1.347344,ALLOW
8707,1.212610,ALLOW
8708,1.091349,ALLOW
8709,0.982214,ALLOW
8710,0.883993,ALLOW
8711,0.795593,ALLOW
8712,0.716034,ALLOW
8713,0.644431,ALLOW
8714,0.579987,ALLOW
8715,0.521989,ALLOW
8716,0.469790,ALLOW
8717,0.422811,ALLOW
8718,0.380530,ALLOW
8719,0.342477,ALLOW
8720,0.308229,ALLOW
8721,2.229626,ALLOW
8722,2.006663,ALLOW
8723,1.805997,ALLOW
8724,1.625397,ALLOW
8725,1.462857,ALLOW
8726,1.316572,ALLOW
8727,1.184914,ALLOW
8728,1.066423,ALLOW
8729,0.959781,ALLOW
8730,0.863803,ALLOW
8731,0.777422,ALLOW
8732,0.699680,ALLOW
8733,0.629712,ALLOW
8734,0.566741,ALLOW
8735,0.510067,ALLOW
8736,0.459060,ALLOW
8737,0.413154,ALLOW
8738,0.371839,ALLOW
8739,0.334655,ALLOW
8740,0.301189,ALLOW
8741,0.271070,ALLOW
8742,0.243963,ALLOW
8743,0.219567,ALLOW
8744,0.197610,ALLOW
8745,0.177849,ALLOW
8746,0.160064,ALLOW
8747,0.144058,ALLOW
8748,0.129652,ALLOW
8749,0.116687,ALLOW
8750,0.105018,ALLOW
8751,0.094516,ALLOW
8752,0.085065,ALLOW
8753,0.076558,ALLOW
8754,0.068902,ALLOW
8755,0.062012,ALLOW
8756,0.055811,ALLOW
8757,0.050230,ALLOW
8758,0.045207,ALLOW
8759,0.040686,ALLOW
8760,0.036618,ALLOW
8761,0.032956,ALLOW
8762,0.029660,ALLOW
8763,0.026694,ALLOW
8764,0.024025,ALLOW
8765,0.021622,ALLOW
8766,0.019460,ALLOW
8767,0.017514,ALLOW
8768,0.015763,ALLOW
8769,0.014186,ALLOW
8770,0.012768,ALLOW
8771,0.011491,ALLOW
8772,0.010342,ALLOW
8773,0.009308,ALLOW
8774,0.008377,ALLOW
8775,0.007539,ALLOW
8776,0.006785,ALLOW
8777,0.006107,ALLOW
8778,0.005496,ALLOW
8779,0.004946,ALLOW
8780,0.004452,ALLOW
8781,0.004007,ALLOW
8782,0.003606,ALLOW
8783,0.003245,ALLOW
8784,0.002921,ALLOW
8785,0.002629,ALLOW
8786,0.002366,ALLOW
8787,0.002129,ALLOW
8788,0.001916,ALLOW
8789,0.001725,ALLOW
8790,0.001552,ALLOW
8791,0.001397,ALLOW
8792,0.001257,ALLOW
8793,0.001132,ALLOW
8794,0.001018,ALLOW
8795,0.000917,ALLOW
8796,0.000825,ALLOW
8797,0.000742,ALLOW
8798,0.000668,ALLOW
8799,0.000601,ALLOW
8800,0.000541,ALLOW
8801,0.000487,ALLOW
8802,0.000438,ALLOW
8803,0.000395,ALLOW
8804,0.000355,ALLOW
8805,0.000320,ALLOW
8806,0.000288,ALLOW
8807,0.000259,ALLOW
8808,0.000233,ALLOW
8809,0.000210,ALLOW
8810,0.000189,ALLOW
8811,0.000170,ALLOW
8812,0.000153,ALLOW
8813,0.000138,ALLOW
8814,0.000124,ALLOW
8815,0.000111,ALLOW
8816,0.000100,ALLOW
8817,0.000090,ALLOW
8818,0.000081,ALLOW
8819,0.000073,ALLOW
8820,0.000066,ALLOW
8821,0.000059,ALLOW
8822,0.000053,ALLOW
8823,0.000048,ALLOW
8824,0.000043,ALLOW
8825,0.000039,ALLOW
8826,0.000035,ALLOW
8827,0.000031,ALLOW
8828,0.000028,ALLOW
8829,0.000025,ALLOW
8830,0.000023,ALLOW
8831,0.000021,ALLOW
8832,0.000019,ALLOW
8833,0.000017,ALLOW
8834,0.000015,ALLOW
8835,0.000014,ALLOW
8836,0.000012,ALLOW
8837,0.000011,ALLOW
8838,0.000010,ALLOW
8839,0.000009,ALLOW
8840,0.000008,ALLOW
8841,0.000007,ALLOW
8842,0.000006,ALLOW
8843,0.000006,ALLOW
8844,0.000005,ALLOW
8845,0.000005,ALLOW
8846,0.000004,ALLOW
8847,0.000004,ALLOW
8848,0.000003,ALLOW
8849,0.000003,ALLOW
8850,0.000003,ALLOW
8851,0.000003,ALLOW
8852,0.000002,ALLOW
8853,0.000002,ALLOW
8854,0.000002,ALLOW
8855,0.000002,ALLOW
8856,0.000001,ALLOW
8857,0.000001,ALLOW
8858,0.000001,ALLOW
8859,0.000001,ALLOW
8860,0.000001,ALLOW
8861,0.000001,ALLOW
8862,0.000001,ALLOW
8863,0.000001,ALLOW
8864,0.000001,ALLOW
8865,0.000001,ALLOW
8866,0.000001,ALLOW
8867,0.000000,ALLOW
8868,0.000000,ALLOW
8869,0.000000,ALLOW
8870,0.000000,ALLOW
8871,0.000000,ALLOW
8872,0.000000,ALLOW
8873,0.000000,ALLOW
8874,0.000000,ALLOW
8875,0.000000,ALLOW
8876,0.000000,ALLOW
8877,0.000000,ALLOW
8878,0.000000,ALLOW
8879,0.000000,ALLOW
8880,0.000000,ALLOW
8881,0.000000,ALLOW
8882,0.000000,ALLOW
8883,0.000000,ALLOW
8884,0.000000,ALLOW
8885,0.000000,ALLOW
8886,0.000000,ALLOW
8887,0.000000,ALLOW
8888,0.000000,ALLOW
8889,0.000000,ALLOW
8890,0.000000,ALLOW
8891,0.000000,ALLOW
8892,0.000000,ALLOW
8893,0.000000,ALLOW
8894,0.000000,ALLOW
8895,0.000000,ALLOW
8896,0.000000,ALLOW
8897,0.000000,ALLOW
8898,0.000000,ALLOW
8899,0.000000,ALLOW
8900,0.000000,ALLOW
8901,0.000000,ALLOW
8902,0.000000,ALLOW
8903,0.000000,ALLOW
8904,0.000000,ALLOW
8905,0.000000,ALLOW
8906,0.000000,ALLOW
8907,0.000000,ALLOW
8908,0.000000,ALLOW
8909,15.142831,ALLOW
8910,13.628548,ALLOW
8911,12.265693,ALLOW
8912,11.039124,ALLOW
8913,9.935212,ALLOW
8914,8.941690,ALLOW
8915,30.238930,ALLOW
8916,27.215037,ALLOW
8917,24.493533,ALLOW
8918,22.044180,ALLOW
8919,19.839762,ALLOW
8920,17.855786,ALLOW
8921,16.070207,ALLOW
8922,14.463187,ALLOW
8923,13.016868,ALLOW
8924,11.715181,ALLOW
8925,10.543663,ALLOW
8926,9.489297,ALLOW
8927,8.540367,ALLOW
8928,7.686330,ALLOW
8929,6.917697,ALLOW
8930,6.225928,ALLOW
8931,5.603335,ALLOW
8932,5.043001,ALLOW
8933,4.538701,ALLOW
8934,4.084831,ALLOW
8935,3.676348,ALLOW
8936,3.308713,ALLOW
8937,2.977842,ALLOW
8938,2.680058,ALLOW
8939,2.412052,ALLOW
8940,2.170847,ALLOW
8941,1.953762,ALLOW
8942,1.758386,ALLOW
8943,1.582547,ALLOW
8944,1.424293,ALLOW
8945,3.463270,ALLOW
8946,3.116943,ALLOW
8947,2.805249,ALLOW
8948,2.524724,ALLOW
8949,5.488633,ALLOW
8950,4.939769,ALLOW
8951,4.445793,ALLOW
8952,8.618642,ALLOW
8953,7.756778,ALLOW
8954,6.981100,ALLOW
8955,6.282990,ALLOW
8956,5.654691,ALLOW
8957,5.089222,ALLOW
8958,4.580300,ALLOW
8959,4.122270,ALLOW
8960,3.710043,ALLOW
8961,3.339039,ALLOW
8962,3.005135,ALLOW
8963,2.704621,ALLOW
8964,2.434159,ALLOW
8965,2.190743,ALLOW
8966,1.971669,ALLOW
8967,1.774502,ALLOW
8968,1.597052,ALLOW
8969,1.437347,ALLOW
8970,1.293612,ALLOW
8971,1.164251,ALLOW
8972,1.047826,ALLOW
8973,0.943043,ALLOW
8974,0.848739,ALLOW
8975,0.763865,ALLOW
8976,0.687478,ALLOW
8977,0.618731,ALLOW
8978,0.556858,ALLOW
8979,0.501172,ALLOW
8980,0.451055,ALLOW
8981,0.405949,ALLOW
8982,0.365354,ALLOW
8983,0.328819,ALLOW
8984,0.295937,ALLOW
8985,0.266343,ALLOW
8986,2.566032,ALLOW
8987,2.309428,ALLOW
8988,2.078486,ALLOW
8989,1.870637,ALLOW
8990,1.683573,ALLOW
8991,1.515216,ALLOW
8992,1.363694,ALLOW
8993,1.227325,ALLOW
8994,1.104592,ALLOW
8995,0.994133,ALLOW
8996,0.894720,ALLOW
8997,0.805248,ALLOW
8998,0.724723,ALLOW
8999,0.652251,ALLOW
9000,0.587026,ALLOW
9001,0.528323,ALLOW
9002,0.475491,ALLOW
9003,0.427942,ALLOW
9004,0.385148,ALLOW
9005,0.346633,ALLOW
9006,0.311970,ALLOW
9007,1.917539,ALLOW
9008,1.725785,ALLOW
9009,1.553206,ALLOW
9010,3.206869,ALLOW
9011,2.886182,ALLOW
9012,2.597564,ALLOW
9013,2.337808,ALLOW
9014,2.104027,ALLOW
9015,4.147204,ALLOW
9016,3.732484,ALLOW
9017,3.359235,ALLOW
9018,3.023312,ALLOW
9019,2.720981,ALLOW
9020,2.448883,ALLOW
9021,2.203994,ALLOW
9022,1.983595,ALLOW
9023,1.785235,ALLOW
9024,1.606712,ALLOW
9025,1.446041,ALLOW
9026,1.301437,ALLOW
9027,1.171293,ALLOW
9028,1.054164,ALLOW
9029,0.948747,ALLOW
9030,0.853873,ALLOW
9031,0.768485,ALLOW
9032,0.691637,ALLOW
9033,0.622473,ALLOW
9034,0.560226,ALLOW
9035,0.504203,ALLOW
9036,0.453783,ALLOW
9037,0.408405,ALLOW
9038,0.367564,ALLOW
9039,0.330808,ALLOW
9040,0.297727,ALLOW
9041,0.267954,ALLOW
9042,0.241159,ALLOW
9043,0.217043,ALLOW
9044,0.195339,ALLOW
9045,0.175805,ALLOW
9046,0.158224,ALLOW
9047,0.142402,ALLOW
9048,0.128162,ALLOW
9049,0.115346,ALLOW
9050,0.103811,ALLOW
9051,0.093430,ALLOW
9052,0.084087,ALLOW
9053,0.075678,ALLOW
9054,0.068110,ALLOW
9055,1.743284,ALLOW
9056,1.568955,ALLOW
9057,1.412060,ALLOW
9058,1.270854,ALLOW
9059,1.143768,ALLOW
9060,1.029392,ALLOW
9061,0.926452,ALLOW
9062,0.833807,ALLOW
9063,0.750426,ALLOW
9064,0.675384,ALLOW
9065,0.607845,ALLOW
9066,0.547061,ALLOW
9067,0.492355,ALLOW
9068,0.443119,ALLOW
9069,0.398807,ALLOW
9070,0.358927,ALLOW
9071,0.323034,ALLOW
9072,0.290731,ALLOW
9073,0.261658,ALLOW
9074,0.235492,ALLOW
9075,0.211943,ALLOW
9076,0.190748,ALLOW
9077,0.171674,ALLOW
9078,0.154506,ALLOW
9079,0.139056,ALLOW
9080,0.125150,ALLOW
9081,0.112635,ALLOW
9082,0.101371,ALLOW
9083,0.091234,ALLOW
9084,0.082111,ALLOW
9085,0.073900,ALLOW
9086,0.066510,ALLOW
9087,0.059859,ALLOW
9088,0.053873,ALLOW
9089,0.048486,ALLOW
9090,0.043637,ALLOW
9091,0.039273,ALLOW
9092,0.035346,ALLOW
9093,0.031811,ALLOW
9094,0.028630,ALLOW
9095,0.025767,ALLOW
9096,2.239936,ALLOW
9097,2.015942,ALLOW
9098,1.814348,ALLOW
9099,7.534277,ALLOW
9100,6.780849,ALLOW
9101,6.102764,ALLOW
9102,5.492488,ALLOW
9103,4.943239,ALLOW
9104,4.448915,ALLOW
9105,4.004024,ALLOW
9106,3.603621,ALLOW
9107,3.243259,ALLOW
9108,2.918933,ALLOW
9109,4.552702,ALLOW
9110,4.097432,ALLOW
9111,9.435150,ALLOW
9112,8.491635,ALLOW
9113,7.642471,ALLOW
9114,8.572531,ALLOW
9115,7.715278,ALLOW
9116,6.943750,ALLOW
9117,6.249375,ALLOW
9118,5.624438,ALLOW
9119,5.061994,ALLOW
9120,4.555795,ALLOW
9121,4.100215,ALLOW
9122,3.690194,ALLOW
9123,3.321174,ALLOW
9124,2.989057,ALLOW
9125,2.690151,ALLOW
9126,2.421136,ALLOW
9127,2.179022,ALLOW
9128,1.961120,ALLOW
9129,1.765008,ALLOW
9130,1.588507,ALLOW
9131,1.429657,ALLOW
9132,1.286691,ALLOW
9133,1.158022,ALLOW
9134,1.042220,ALLOW
9135,0.937998,ALLOW
9136,0.844198,ALLOW
9137,0.759778,ALLOW
9138,0.683800,ALLOW
9139,0.615420,ALLOW
9140,0.553878,ALLOW
9141,0.498490,ALLOW
9142,0.448641,ALLOW
9143,0.403777,ALLOW
9144,0.363400,ALLOW
9145,0.327060,ALLOW
9146,0.294354,ALLOW
9147,0.264918,ALLOW
9148,2.860604,ALLOW
9149,2.574544,ALLOW
9150,2.317089,ALLOW
9151,7.519618,ALLOW
9152,6.767657,ALLOW
9153,6.090891,ALLOW
9154,5.481802,ALLOW
9155,4.933622,ALLOW
9156,4.440259,ALLOW
9157,3.996234,ALLOW
9158,3.596610,ALLOW
9159,3.236949,ALLOW
9160,2.913254,ALLOW
9161,2.621929,ALLOW
9162,2.359736,ALLOW
9163,4.875280,ALLOW
9164,4.387752,ALLOW
9165,3.948976,ALLOW
9166,3.554079,ALLOW
9167,3.198671,ALLOW
9168,2.878804,ALLOW
9169,2.590923,ALLOW
9170,2.331831,ALLOW
9171,2.098648,ALLOW
9172,1.888783,ALLOW
9173,1.699905,ALLOW
9174,1.529914,ALLOW
9175,1.376923,ALLOW
9176,1.239231,ALLOW
9177,1.115308,ALLOW
9178,1.003777,ALLOW
9179,0.903399,ALLOW
9180,0.813059,ALLOW
9181,0.731753,ALLOW
9182,0.658578,ALLOW
9183,0.592720,ALLOW
9184,0.533448,ALLOW
9185,0.480103,ALLOW
9186,0.432093,ALLOW
9187,0.388884,ALLOW
9188,0.349995,ALLOW
9189,0.314996,ALLOW
9190,0.283496,ALLOW
9191,0.255147,ALLOW
9192,0.229632,ALLOW
9193,0.206669,ALLOW
9194,0.186002,ALLOW
9195,0.167402,ALLOW
9196,0.150662,ALLOW
9197,0.135595,ALLOW
9198,0.122036,ALLOW
9199,0.109832,ALLOW
9200,0.098849,ALLOW
9201,0.088964,ALLOW
9202,0.080068,ALLOW
9203,0.072061,ALLOW
9204,0.064855,ALLOW
9205,0.058369,ALLOW
9206,0.052532,ALLOW
9207,0.047279,ALLOW
9208,0.042551,ALLOW
9209,0.038296,ALLOW
9210,0.034467,ALLOW
9211,0.031020,ALLOW
9212,0.027918,ALLOW
9213,0.025126,ALLOW
9214,0.022613,ALLOW
9215,0.020352,ALLOW
9216,3.662829,ALLOW
9217,3.296546,ALLOW
9218,2.966892,ALLOW
9219,2.670203,ALLOW
9220,2.403182,ALLOW
9221,2.162864,ALLOW
9222,1.946578,ALLOW
9223,1.751920,ALLOW
9224,1.576728,ALLOW
9225,1.419055,ALLOW
9226,1.277150,ALLOW
9227,1.149435,ALLOW
9228,1.034491,ALLOW
9229,0.931042,ALLOW
9230,0.837938,ALLOW
9231,0.754144,ALLOW
9232,0.678730,ALLOW
9233,0.610857,ALLOW
9234,0.549771,ALLOW
9235,0.494794,ALLOW
9236,3.443205,ALLOW
9237,3.098885,ALLOW
9238,2.788996,ALLOW
9239,2.510097,ALLOW
9240,2.259087,ALLOW
9241,2.033178,ALLOW
9242,1.829861,ALLOW
9243,1.646874,ALLOW
9244,1.482187,ALLOW
9245,1.333968,ALLOW
9246,1.200571,ALLOW
9247,1.080514,ALLOW
9248,0.972463,ALLOW
9249,0.875217,ALLOW
9250,0.787695,ALLOW
9251,0.708925,ALLOW
9252,0.638033,ALLOW
9253,0.574230,ALLOW
9254,0.516807,ALLOW
9255,0.465126,ALLOW
9256,0.418613,ALLOW
9257,0.376752,ALLOW
9258,0.339077,ALLOW
9259,0.305169,ALLOW
9260,0.274652,ALLOW
9261,0.247187,ALLOW
9262,0.222468,ALLOW
9263,0.200221,ALLOW
9264,0.180199,ALLOW
9265,0.162179,ALLOW
9266,0.145961,ALLOW
9267,0.131365,ALLOW
9268,0.118229,ALLOW
9269,0.106406,ALLOW
9270,0.095765,ALLOW
9271,0.086189,ALLOW
9272,0.077570,ALLOW
9273,0.069813,ALLOW
9274,0.062832,ALLOW
9275,0.056548,ALLOW
9276,0.050894,ALLOW
9277,0.045804,ALLOW
9278,0.041224,ALLOW
9279,3779.930553,ALLOW
9280,3401.937498,ALLOW
9281,3061.743748,ALLOW
9282,2755.569373,ALLOW
9283,2488.820421,ALLOW
9284,2239.938379,ALLOW
9285,2015.944541,ALLOW
9286,1814.350087,ALLOW
9287,1632.915078,ALLOW
9288,1469.623571,ALLOW
9289,1326.682059,ALLOW
9290,1194.013853,ALLOW
9291,1074.612468,ALLOW
9292,967.151221,ALLOW
9293,870.436099,ALLOW
9294,783.392489,ALLOW
9295,705.053240,ALLOW
9296,634.547916,ALLOW
9297,571.093124,ALLOW
9298,513.983812,ALLOW
9299,462.585431,ALLOW
9300,416.326888,ALLOW
9301,374.694199,ALLOW
9302,337.224779,ALLOW
9303,303.502301,ALLOW
9304,273.152071,ALLOW
9305,245.836864,ALLOW
9306,221.253178,ALLOW
9307,199.127860,ALLOW
9308,179.215074,ALLOW
9309,161.293566,ALLOW
9310,145.164210,ALLOW
9311,130.647789,ALLOW
9312,117.583010,ALLOW
9313,105.824709,ALLOW
9314,95.242238,ALLOW
9315,85.718014,ALLOW
9316,77.146213,ALLOW
9317,69.431592,ALLOW
9318,62.488432,ALLOW
9319,56.239589,ALLOW
9320,50.615630,ALLOW
9321,45.554067,ALLOW
9322,40.998660,ALLOW
9323,36.898794,ALLOW
9324,33.208915,ALLOW
9325,29.888023,ALLOW
9326,26.899221,ALLOW
9327,24.209299,ALLOW
9328,21.788369,ALLOW
9329,19.609532,ALLOW
9330,17.648579,ALLOW
9331,15.883721,ALLOW
9332,14.295349,ALLOW
9333,12.865814,ALLOW
9334,11.579233,ALLOW
9335,10.421309,ALLOW
9336,9.379178,ALLOW
9337,8.441261,ALLOW
9338,7.597135,ALLOW
9339,6.837421,ALLOW
9340,6.153679,ALLOW
9341,5.538311,ALLOW
9342,4.984480,ALLOW
9343,4.486032,ALLOW
9344,4.037429,ALLOW
9345,3.633686,ALLOW
9346,3.270317,ALLOW
9347,2.943286,ALLOW
9348,2.648957,ALLOW
9349,2.384061,ALLOW
9350,2.145655,ALLOW
9351,1.931090,ALLOW
9352,1.737981,ALLOW
9353,1.564183,ALLOW
9354,1.407764,ALLOW
9355,1.266988,ALLOW
9356,1.140289,ALLOW
9357,1.026260,ALLOW
9358,0.923634,ALLOW
9359,0.831271,ALLOW
9360,0.748144,ALLOW
9361,0.673329,ALLOW
9362,0.605996,ALLOW
9363,0.545397,ALLOW
9364,0.490857,ALLOW
9365,0.441771,ALLOW
9366,0.397594,ALLOW
9367,0.357835,ALLOW
9368,0.322051,ALLOW
9369,0.289846,ALLOW
9370,0.260862,ALLOW
9371,0.234775,ALLOW
9372,0.211298,ALLOW
9373,0.190168,ALLOW
9374,0.171151,ALLOW
9375,0.154036,ALLOW
9376,0.138633,ALLOW
9377,0.124769,ALLOW
9378,0.112292,ALLOW
9379,0.101063,ALLOW
9380,0.090957,ALLOW
9381,0.081861,ALLOW
9382,0.073675,ALLOW
9383,0.066308,ALLOW
9384,0.059677,ALLOW
9385,0.053709,ALLOW
9386,0.048338,ALLOW
9387,0.043504,ALLOW
9388,0.039154,ALLOW
9389,0.035239,ALLOW
9390,0.031715,ALLOW
9391,0.028543,ALLOW
9392,0.025689,ALLOW
9393,0.023120,ALLOW
9394,0.020808,ALLOW
9395,0.018727,ALLOW
9396,0.016854,ALLOW
9397,0.015169,ALLOW
9398,0.013652,ALLOW
9399,0.012287,ALLOW
9400,0.011058,ALLOW
9401,0.009952,ALLOW
9402,0.008957,ALLOW
9403,0.008061,ALLOW
9404,0.007255,ALLOW
9405,0.006530,ALLOW
9406,0.005877,ALLOW
9407,0.005289,ALLOW
9408,0.004760,ALLOW
9409,0.004284,ALLOW
9410,0.003856,ALLOW
9411,0.003470,ALLOW
9412,0.003123,ALLOW
9413,0.002811,ALLOW
9414,0.002530,ALLOW
9415,0.002277,ALLOW
9416,0.002049,ALLOW
9417,0.001844,ALLOW
9418,0.001660,ALLOW
9419,0.001494,ALLOW
9420,0.001344,ALLOW
9421,0.001210,ALLOW
9422,0.001089,ALLOW
9423,0.000980,ALLOW
9424,0.000882,ALLOW
9425,0.000794,ALLOW
9426,0.000714,ALLOW
9427,0.000643,ALLOW
9428,0.000579,ALLOW
9429,0.000521,ALLOW
9430,0.000469,ALLOW
9431,0.000422,ALLOW
9432,0.000380,ALLOW
9433,0.000342,ALLOW
9434,0.000308,ALLOW
9435,0.000277,ALLOW
9436,0.000249,ALLOW
9437,0.000224,ALLOW
9438,0.000202,ALLOW
9439,0.000182,ALLOW
9440,0.000163,ALLOW
9441,0.000147,ALLOW
9442,0.000132,ALLOW
9443,0.000119,ALLOW
9444,0.000107,ALLOW
9445,0.000097,ALLOW
9446,0.000087,ALLOW
9447,0.000078,ALLOW
9448,0.000070,ALLOW
9449,0.000063,ALLOW
9450,0.000057,ALLOW
9451,0.000051,ALLOW
9452,0.000046,ALLOW
9453,0.000042,ALLOW
9454,0.000037,ALLOW
9455,0.000034,ALLOW
9456,0.000030,ALLOW
9457,0.000027,ALLOW
9458,0.000025,ALLOW
9459,0.000022,ALLOW
9460,0.000020,ALLOW
9461,0.000018,ALLOW
9462,0.000016,ALLOW
9463,0.000014,ALLOW
9464,0.000013,ALLOW
9465,0.000012,ALLOW
9466,0.000011,ALLOW
9467,0.000010,ALLOW
9468,0.000009,ALLOW
9469,0.000008,ALLOW
9470,0.000007,ALLOW
9471,0.000006,ALLOW
9472,0.000006,ALLOW
9473,0.000005,ALLOW
9474,0.000005,ALLOW
9475,0.000004,ALLOW
9476,0.000004,ALLOW
9477,0.000003,ALLOW
9478,8.318403,ALLOW
9479,7.486563,ALLOW
9480,6.737906,ALLOW
9481,6.064116,ALLOW
9482,5.457704,ALLOW
9483,4.911934,ALLOW
9484,4.420740,ALLOW
9485,6.608027,ALLOW
9486,5.947225,ALLOW
9487,5.352502,ALLOW
9488,4.817252,ALLOW
9489,4.335527,ALLOW
9490,3.901974,ALLOW
9491,7.588240,ALLOW
9492,6.829416,ALLOW
9493,6.146475,ALLOW
9494,5.531827,ALLOW
9495,4.978644,ALLOW
9496,4.480780,ALLOW
9497,4.032702,ALLOW
9498,3.629432,ALLOW
9499,3.266489,ALLOW
9500,2.939840,ALLOW
9501,9.832895,ALLOW
9502,8.849606,ALLOW
9503,7.964645,ALLOW
9504,7.168180,ALLOW
9505,6.451362,ALLOW
9506,5.806226,ALLOW
9507,5.225604,ALLOW
9508,4.703043,ALLOW
9509,4.232739,ALLOW
9510,3.809465,ALLOW
9511,3.428518,ALLOW
9512,3.085667,ALLOW
9513,6.416603,ALLOW
9514,5.774943,ALLOW
9515,5.197449,ALLOW
9516,4.677704,ALLOW
9517,4.209933,ALLOW
9518,3.788940,ALLOW
9519,3.410046,ALLOW
9520,3.069041,ALLOW
9521,2.762137,ALLOW
9522,5.068391,ALLOW
9523,4.561552,ALLOW
9524,5.787276,ALLOW
9525,5.208549,ALLOW
9526,4.687694,ALLOW
9527,4.218924,ALLOW
9528,3.797032,ALLOW
9529,3.417329,ALLOW
9530,3.075596,ALLOW
9531,2.768036,ALLOW
9532,2.491233,ALLOW
9533,2.242109,ALLOW
9534,2.017898,ALLOW
9535,1.816109,ALLOW
9536,1.634498,ALLOW
9537,1.471048,ALLOW
9538,1.323943,ALLOW
9539,1.191549,ALLOW
9540,1.072394,ALLOW
9541,0.965155,ALLOW
9542,0.868639,ALLOW
9543,0.781775,ALLOW
9544,0.703598,ALLOW
9545,0.633238,ALLOW
9546,0.569914,ALLOW
9547,0.512923,ALLOW
9548,0.461630,ALLOW
9549,0.415467,ALLOW
9550,0.373921,ALLOW
9551,0.336529,ALLOW
9552,0.302876,ALLOW
9553,0.272588,ALLOW
9554,0.245329,ALLOW
9555,0.220796,ALLOW
9556,0.198717,ALLOW
9557,0.178845,ALLOW
9558,0.160961,ALLOW
9559,0.144865,ALLOW
9560,0.130378,ALLOW
9561,0.117340,ALLOW
9562,0.105606,ALLOW
9563,0.095046,ALLOW
9564,0.085541,ALLOW
9565,0.076987,ALLOW
9566,0.069288,ALLOW
9567,0.062359,ALLOW
9568,0.056123,ALLOW
9569,0.050511,ALLOW
9570,0.045460,ALLOW
9571,0.040914,ALLOW
9572,0.036823,ALLOW
9573,0.033140,ALLOW
9574,0.029826,ALLOW
9575,0.026844,ALLOW
9576,0.024159,ALLOW
9577,0.021743,ALLOW
9578,0.019569,ALLOW
9579,0.017612,ALLOW
9580,0.015851,ALLOW
9581,0.014266,ALLOW
9582,0.012839,ALLOW
9583,0.011555,ALLOW
9584,0.010400,ALLOW
9585,0.009360,ALLOW
9586,0.008424,ALLOW
9587,0.007581,ALLOW
9588,3.188428,ALLOW
9589,2.869585,ALLOW
9590,2.582626,ALLOW
9591,2.324364,ALLOW
9592,2.091927,ALLOW
9593,1.882735,ALLOW
9594,1.694461,ALLOW
9595,1.525015,ALLOW
9596,1.372514,ALLOW
9597,1.235262,ALLOW
9598,1.111736,ALLOW
9599,1.000562,ALLOW
9600,2.790349,ALLOW
9601,2.511314,ALLOW
9602,2.260183,ALLOW
9603,5.707600,ALLOW
9604,5.136840,ALLOW
9605,4.623156,ALLOW
9606,6.349552,ALLOW
9607,5.714597,ALLOW
9608,5.143137,ALLOW
9609,4.628823,ALLOW
9610,4.165941,ALLOW
9611,3.749347,ALLOW
9612,3.374412,ALLOW
9613,3.036971,ALLOW
9614,2.733274,ALLOW
9615,2.459947,ALLOW
9616,2.213952,ALLOW
9617,1.992557,ALLOW
9618,3.293415,ALLOW
9619,2.964074,ALLOW
9620,2.667666,ALLOW
9621,2.400900,ALLOW
9622,2.160810,ALLOW
9623,1.944729,ALLOW
9624,1.750256,ALLOW
9625,1.575230,ALLOW
9626,1.417707,ALLOW
9627,1.275937,ALLOW
9628,1.148343,ALLOW
9629,1.033509,ALLOW
9630,0.930158,ALLOW
9631,0.837142,ALLOW
9632,0.753428,ALLOW
9633,0.678085,ALLOW
9634,0.610276,ALLOW
9635,0.549249,ALLOW
9636,0.494324,ALLOW
9637,0.444892,ALLOW
9638,0.400402,ALLOW
9639,0.360362,ALLOW
9640,0.324326,ALLOW
9641,0.291893,ALLOW
9642,0.262704,ALLOW
9643,7.856900,ALLOW
9644,7.071210,ALLOW
9645,6.364089,ALLOW
9646,5.727680,ALLOW
9647,5.154912,ALLOW
9648,4.639421,ALLOW
9649,4.175479,ALLOW
9650,3.757931,ALLOW
9651,3.382138,ALLOW
9652,3.043924,ALLOW
9653,2.739532,ALLOW
9654,2.465578,ALLOW
9655,2.219021,ALLOW
9656,1.997119,ALLOW
9657,1.797407,ALLOW
9658,1.617666,ALLOW
9659,1.455899,ALLOW
9660,1.310309,ALLOW
9661,1.179279,ALLOW
9662,1.061351,ALLOW
9663,0.955216,ALLOW
9664,0.859694,ALLOW
9665,0.773725,ALLOW
9666,0.696352,ALLOW
9667,0.626717,ALLOW
9668,0.564045,ALLOW
9669,0.507641,ALLOW
9670,0.456877,ALLOW
9671,0.411189,ALLOW
9672,0.370070,ALLOW
9673,2.566853,ALLOW
9674,2.310168,ALLOW
9675,2.079151,ALLOW
9676,4.130627,ALLOW
9677,3.717564,ALLOW
9678,3.345808,ALLOW
9679,3.011227,ALLOW
9680,2.710104,ALLOW
9681,2.439094,ALLOW
9682,2.195184,ALLOW
9683,1.975666,ALLOW
9684,1.778099,ALLOW
9685,1.600289,ALLOW
9686,1.440261,ALLOW
9687,1.296234,ALLOW
9688,1.166611,ALLOW
9689,1.049950,ALLOW
9690,0.944955,ALLOW
9691,0.850459,ALLOW
9692,0.765413,ALLOW
9693,0.688872,ALLOW
9694,0.619985,ALLOW
9695,0.557986,ALLOW
9696,0.502188,ALLOW
9697,0.451969,ALLOW
9698,0.406772,ALLOW
9699,0.366095,ALLOW
9700,0.329485,ALLOW
9701,0.296537,ALLOW
9702,0.266883,ALLOW
9703,0.240195,ALLOW
9704,0.216175,ALLOW
9705,0.194558,ALLOW
9706,0.175102,ALLOW
9707,0.157592,ALLOW
9708,0.141833,ALLOW
9709,0.127649,ALLOW
9710,0.114884,ALLOW
9711,0.103396,ALLOW
9712,0.093056,ALLOW
9713,0.083751,ALLOW
9714,0.075376,ALLOW
9715,0.067838,ALLOW
9716,0.061054,ALLOW
9717,0.054949,ALLOW
9718,0.049454,ALLOW
9719,1.624383,ALLOW
9720,1.461945,ALLOW
9721,1.315750,ALLOW
9722,1.184175,ALLOW
9723,1.065758,ALLOW
9724,0.959182,ALLOW
9725,0.863264,ALLOW
9726,0.776937,ALLOW
9727,0.699244,ALLOW
9728,0.629319,ALLOW
9729,0.566387,ALLOW
9730,4.775792,ALLOW
9731,4.298212,ALLOW
9732,3.868391,ALLOW
9733,3.481552,ALLOW
9734,3.133397,ALLOW
9735,2.820057,ALLOW
9736,2.538051,ALLOW
9737,2.284246,ALLOW
9738,2.055822,ALLOW
9739,1.850240,ALLOW
9740,1.665216,ALLOW
9741,1.498694,ALLOW
9742,1.348825,ALLOW
9743,1.213942,ALLOW
9744,1.092548,ALLOW
9745,0.983293,ALLOW
9746,0.884964,ALLOW
9747,0.796467,ALLOW
9748,0.716821,ALLOW
9749,0.645139,ALLOW
9750,0.580625,ALLOW
9751,0.522562,ALLOW
9752,0.470306,ALLOW
9753,0.423275,ALLOW
9754,0.380948,ALLOW
9755,0.342853,ALLOW
9756,0.308568,ALLOW
9757,0.277711,ALLOW
9758,0.249940,ALLOW
9759,0.224946,ALLOW
9760,0.202451,ALLOW
9761,0.182206,ALLOW
9762,0.163986,ALLOW
9763,0.147587,ALLOW
9764,0.132828,ALLOW
9765,0.119545,ALLOW
9766,0.107591,ALLOW
9767,0.096832,ALLOW
9768,0.087149,ALLOW
9769,0.078434,ALLOW
9770,0.070590,ALLOW
9771,0.063531,ALLOW
9772,0.057178,ALLOW
9773,0.051460,ALLOW
9774,0.046314,ALLOW
9775,0.041683,ALLOW
9776,0.037515,ALLOW
9777,5.064640,ALLOW
9778,4.558176,ALLOW
9779,4.102358,ALLOW
9780,3.692122,ALLOW
9781,8.896617,ALLOW
9782,8.006955,ALLOW
9783,14.147340,ALLOW
9784,12.732606,ALLOW
9785,14.878490,ALLOW
9786,13.390641,ALLOW
9787,12.051577,ALLOW
9788,10.846420,ALLOW
9789,9.761778,ALLOW
9790,8.785600,ALLOW
9791,7.907040,ALLOW
9792,7.116336,ALLOW
9793,6.404702,ALLOW
9794,5.764232,ALLOW
9795,5.187809,ALLOW
9796,4.669028,ALLOW
9797,4.202125,ALLOW
9798,3.781913,ALLOW
9799,3.403721,ALLOW
9800,3.063349,ALLOW
9801,2.757014,ALLOW
9802,2.481313,ALLOW
9803,2.233182,ALLOW
9804,2.009863,ALLOW
9805,1.808877,ALLOW
9806,1.627989,ALLOW
9807,1.465190,ALLOW
9808,1.318671,ALLOW
9809,1.186804,ALLOW
9810,1.068124,ALLOW
9811,0.961311,ALLOW
9812,0.865180,ALLOW
9813,0.778662,ALLOW
9814,0.700796,ALLOW
9815,0.630716,ALLOW
9816,0.567645,ALLOW
9817,0.510880,ALLOW
9818,0.459792,ALLOW
9819,0.413813,ALLOW
9820,0.372432,ALLOW
9821,0.335189,ALLOW
9822,5.149304,ALLOW
9823,4.634373,ALLOW
9824,4.170936,ALLOW
9825,3.753842,ALLOW
9826,3.378458,ALLOW
9827,3.040612,ALLOW
9828,2.736551,ALLOW
9829,2.462896,ALLOW
9830,2.216606,ALLOW
9831,1.994946,ALLOW
9832,1.795451,ALLOW
9833,1.615906,ALLOW
9834,1.454315,ALLOW
9835,3.947606,ALLOW
9836,3.552845,ALLOW
9837,3.197561,ALLOW
9838,2.877805,ALLOW
9839,2.590024,ALLOW
9840,2.331022,ALLOW
9841,2.097920,ALLOW
9842,1.888128,ALLOW
9843,1.699315,ALLOW
9844,1.529383,ALLOW
9845,1.376445,ALLOW
9846,1.238801,ALLOW
9847,3.409729,ALLOW
9848,3.068756,ALLOW
9849,2.761880,ALLOW
9850,2.485692,ALLOW
9851,2.237123,ALLOW
9852,2.013411,ALLOW
9853,1.812070,ALLOW
9854,1.630863,ALLOW
9855,1.467776,ALLOW
9856,1.320999,ALLOW
9857,1.188899,ALLOW
9858,1.070009,ALLOW
9859,0.963008,ALLOW
9860,0.866707,ALLOW
9861,0.780037,ALLOW
9862,0.702033,ALLOW
9863,0.631830,ALLOW
9864,0.568647,ALLOW
9865,0.511782,ALLOW
9866,0.460604,ALLOW
9867,0.414543,ALLOW
9868,0.373089,ALLOW
9869,0.335780,ALLOW
9870,0.302202,ALLOW
9871,0.271982,ALLOW
9872,0.244784,ALLOW
9873,0.220305,ALLOW
9874,0.198275,ALLOW
9875,0.178447,ALLOW
9876,0.160603,ALLOW
9877,0.144542,ALLOW
9878,0.130088,ALLOW
9879,0.117079,ALLOW
9880,0.105371,ALLOW
9881,0.094834,ALLOW
9882,0.085351,ALLOW
9883,0.076816,ALLOW
9884,0.069134,ALLOW
9885,0.062221,ALLOW
9886,0.055999,ALLOW
9887,0.050399,ALLOW
9888,0.045359,ALLOW
9889,0.040823,ALLOW
9890,0.036741,ALLOW
9891,0.033067,ALLOW
9892,0.029760,ALLOW
9893,0.026784,ALLOW
9894,0.024106,ALLOW
9895,0.021695,ALLOW
9896,0.019526,ALLOW
9897,0.017573,ALLOW
9898,0.015816,ALLOW
9899,0.014234,ALLOW
9900,0.012811,ALLOW
9901,0.011530,ALLOW
9902,0.010377,ALLOW
9903,0.009339,ALLOW
9904,0.008405,ALLOW
9905,0.007565,ALLOW
9906,0.006808,ALLOW
9907,0.006127,ALLOW
9908,0.005515,ALLOW
9909,0.004963,ALLOW
9910,0.004467,ALLOW
9911,0.004020,ALLOW
9912,0.003618,ALLOW
9913,0.003256,ALLOW
9914,0.002931,ALLOW
9915,0.002638,ALLOW
9916,0.002374,ALLOW
9917,0.002136,ALLOW
9918,0.001923,ALLOW
9919,0.001731,ALLOW
9920,0.001557,ALLOW
9921,0.001402,ALLOW
9922,0.001262,ALLOW
9923,0.001135,ALLOW
9924,0.001022,ALLOW
9925,0.000920,ALLOW
9926,0.000828,ALLOW
9927,0.000745,ALLOW
9928,0.000670,ALLOW
9929,0.000603,ALLOW
9930,0.000543,ALLOW
9931,0.000489,ALLOW
9932,0.000440,ALLOW
9933,0.000396,ALLOW
9934,0.000356,ALLOW
9935,0.000321,ALLOW
9936,0.000289,ALLOW
9937,0.000260,ALLOW
9938,0.000234,ALLOW
9939,0.000210,ALLOW
9940,0.000189,ALLOW
9941,0.000170,ALLOW
9942,0.000153,ALLOW
9943,0.000138,ALLOW
9944,0.000124,ALLOW
9945,0.000112,ALLOW
9946,0.000101,ALLOW
9947,0.000091,ALLOW
9948,0.000082,ALLOW
9949,0.000073,ALLOW
9950,0.000066,ALLOW
9951,0.000059,ALLOW
9952,0.000053,ALLOW
9953,0.000048,ALLOW
9954,0.000043,ALLOW
9955,0.000039,ALLOW
9956,0.000035,ALLOW
9957,0.000032,ALLOW
9958,0.000028,ALLOW
9959,0.000026,ALLOW
9960,0.000023,ALLOW
9961,0.000021,ALLOW
9962,0.000019,ALLOW
9963,0.000017,ALLOW
9964,0.000015,ALLOW
9965,0.000014,ALLOW
9966,0.000012,ALLOW
9967,0.000011,ALLOW
9968,0.000010,ALLOW
9969,0.000009,ALLOW
9970,0.000008,ALLOW
9971,0.000007,ALLOW
9972,0.000007,ALLOW
9973,0.000006,ALLOW
9974,0.000005,ALLOW
9975,0.000005,ALLOW
9976,0.000004,ALLOW
9977,0.000004,ALLOW
9978,0.000003,ALLOW
9979,0.000003,ALLOW
9980,0.000003,ALLOW
9981,0.000003,ALLOW
9982,0.000002,ALLOW
9983,0.000002,ALLOW
9984,0.000002,ALLOW
9985,0.000002,ALLOW
9986,0.000001,ALLOW
9987,0.000001,ALLOW
9988,0.000001,ALLOW
9989,0.000001,ALLOW
9990,0.000001,ALLOW
9991,0.000001,ALLOW
9992,0.000001,ALLOW
9993,0.000001,ALLOW
9994,0.000001,ALLOW
9995,0.000001,ALLOW
9996,0.000001,ALLOW
9997,0.000000,ALLOW
9998,0.000000,ALLOW
9999,0.000000,ALLOW
10000,0.000000,ALLOW
10001,0.000000,ALLOW
10002,0.000000,ALLOW
10003,0.000000,ALLOW
10004,0.000000,ALLOW
10005,0.000000,ALLOW
10006,0.000000,ALLOW
10007,0.000000,ALLOW
10008,0.000000,ALLOW
10009,0.000000,ALLOW
10010,0.000000,ALLOW
10011,0.000000,ALLOW
10012,0.000000,ALLOW
10013,0.000000,ALLOW
10014,0.000000,ALLOW
10015,0.000000,ALLOW
10016,0.000000,ALLOW
10017,0.000000,ALLOW
10018,0.000000,ALLOW
10019,0.000000,ALLOW
10020,0.000000,ALLOW
10021,0.000000,ALLOW
10022,0.000000,ALLOW
10023,0.000000,ALLOW
10024,0.000000,ALLOW
10025,0.000000,ALLOW
10026,0.000000,ALLOW
10027,0.000000,ALLOW
10028,0.000000,ALLOW
10029,0.000000,ALLOW
10030,0.000000,ALLOW
10031,0.000000,ALLOW
10032,0.000000,ALLOW
10033,0.000000,ALLOW
10034,0.000000,ALLOW
10035,0.000000,ALLOW
10036,0.000000,ALLOW
10037,0.000000,ALLOW
10038,14.391365,ALLOW
10039,12.952229,ALLOW
10040,11.657006,ALLOW
10041,10.491305,ALLOW
10042,9.442175,ALLOW
10043,13.861753,ALLOW
10044,12.475577,ALLOW
10045,11.228020,ALLOW
10046,10.105218,ALLOW
10047,9.094696,ALLOW
10048,15.995712,ALLOW
10049,14.396141,ALLOW
10050,12.956527,ALLOW
10051,11.660874,ALLOW
10052,10.494786,ALLOW
10053,9.445308,ALLOW
10054,8.500777,ALLOW
10055,7.650699,ALLOW
10056,6.885629,ALLOW
10057,6.197066,ALLOW
10058,5.577360,ALLOW
10059,5.019624,ALLOW
10060,4.517661,ALLOW
10061,4.065895,ALLOW
10062,3.659306,ALLOW
10063,3.293375,ALLOW
10064,2.964038,ALLOW
10065,2.667634,ALLOW
10066,2.400871,ALLOW
10067,2.160783,ALLOW
10068,1.944705,ALLOW
10069,1.750235,ALLOW
10070,1.575211,ALLOW
10071,1.417690,ALLOW
10072,1.275921,ALLOW
10073,1.148329,ALLOW
10074,1.033496,ALLOW
10075,0.930146,ALLOW
10076,0.837132,ALLOW
10077,0.753419,ALLOW
10078,0.678077,ALLOW
10079,0.610269,ALLOW
10080,0.549242,ALLOW
10081,0.494318,ALLOW
10082,0.444886,ALLOW
10083,0.400398,ALLOW
10084,0.360358,ALLOW
10085,0.324322,ALLOW
10086,0.291890,ALLOW
10087,0.262701,ALLOW
10088,0.236431,ALLOW
10089,0.212788,ALLOW
10090,0.191509,ALLOW
10091,0.172358,ALLOW
10092,0.155122,ALLOW
10093,1.894808,ALLOW
10094,1.705327,ALLOW
10095,1.534795,ALLOW
10096,1.381315,ALLOW
10097,11.956184,ALLOW
10098,10.760565,ALLOW
10099,9.684509,ALLOW
10100,8.716058,ALLOW
10101,7.844452,ALLOW
10102,7.060007,ALLOW
10103,6.354006,ALLOW
10104,5.718606,ALLOW
10105,5.146745,ALLOW
10106,4.632070,ALLOW
10107,4.168863,ALLOW
10108,3.751977,ALLOW
10109,6.242185,ALLOW
10110,5.617966,ALLOW
10111,8.227286,ALLOW
10112,7.404557,ALLOW
10113,6.664101,ALLOW
10114,5.997691,ALLOW
10115,5.397922,ALLOW
10116,4.858130,ALLOW
10117,4.372317,ALLOW
10118,3.935085,ALLOW
10119,3.541577,ALLOW
10120,3.187419,ALLOW
10121,2.868677,ALLOW
10122,2.581809,ALLOW
10123,2.323628,ALLOW
10124,2.091266,ALLOW
10125,1.882139,ALLOW
10126,1.693925,ALLOW
10127,1.524533,ALLOW
10128,1.372079,ALLOW
10129,1.234871,ALLOW
10130,1.111384,ALLOW
10131,1.000246,ALLOW
10132,0.900221,ALLOW
10133,3.885068,ALLOW
10134,3.496561,ALLOW
10135,3.146905,ALLOW
10136,2.832215,ALLOW
10137,2.548993,ALLOW
10138,2.294094,ALLOW
10139,2.064685,ALLOW
10140,1.858216,ALLOW
10141,1.672395,ALLOW
10142,1.505155,ALLOW
10143,1.354640,ALLOW
10144,1.219176,ALLOW
10145,1.097258,ALLOW
10146,0.987532,ALLOW
10147,0.888779,ALLOW
10148,0.799901,ALLOW
10149,0.719911,ALLOW
10150,0.647920,ALLOW
10151,0.583128,ALLOW
10152,0.524815,ALLOW
10153,0.472334,ALLOW
10154,0.425100,ALLOW
10155,0.382590,ALLOW
10156,0.344331,ALLOW
10157,0.309898,ALLOW
10158,0.278908,ALLOW
10159,0.251017,ALLOW
10160,0.225916,ALLOW
10161,0.203324,ALLOW
10162,0.182992,ALLOW
10163,0.164693,ALLOW
10164,0.148223,ALLOW
10165,0.133401,ALLOW
10166,0.120061,ALLOW
10167,0.108055,ALLOW
10168,0.097249,ALLOW
10169,0.087524,ALLOW
10170,0.078772,ALLOW
10171,0.070895,ALLOW
10172,0.063805,ALLOW
10173,0.057425,ALLOW
10174,0.051682,ALLOW
10175,0.046514,ALLOW
10176,0.041863,ALLOW
10177,0.037676,ALLOW
10178,0.033909,ALLOW
10179,0.030518,ALLOW
10180,0.027466,ALLOW
10181,0.024719,ALLOW
10182,0.022248,ALLOW
10183,0.020023,ALLOW
10184,0.018020,ALLOW
10185,0.016218,ALLOW
10186,0.014597,ALLOW
10187,0.013137,ALLOW
10188,0.011823,ALLOW
10189,0.010641,ALLOW
10190,0.009577,ALLOW
10191,0.008619,ALLOW
10192,2.341233,ALLOW
10193,2.107110,ALLOW
10194,1.896399,ALLOW
10195,1.706759,ALLOW
10196,1.536083,ALLOW
10197,1.382475,ALLOW
10198,1.244227,ALLOW
10199,12.453011,ALLOW
10200,11.207710,ALLOW
10201,10.086939,ALLOW
10202,9.078245,ALLOW
10203,8.170420,ALLOW
10204,7.353378,ALLOW
10205,6.618041,ALLOW
10206,5.956237,ALLOW
10207,5.360613,ALLOW
10208,4.824552,ALLOW
10209,4.342096,ALLOW
10210,3.907887,ALLOW
10211,5.896719,ALLOW
10212,5.307047,ALLOW
10213,4.776343,ALLOW
10214,4.298708,ALLOW
10215,3.868837,ALLOW
10216,3.481954,ALLOW
10217,3.133758,ALLOW
10218,2.820383,ALLOW
10219,2.538344,ALLOW
10220,2.284510,ALLOW
10221,2.056059,ALLOW
10222,1.850453,ALLOW
10223,1.665408,ALLOW
10224,1.498867,ALLOW
10225,1.348980,ALLOW
10226,1.214082,ALLOW
10227,1.092674,ALLOW
10228,0.983407,ALLOW
10229,0.885066,ALLOW
10230,0.796559,ALLOW
10231,0.716903,ALLOW
10232,0.645213,ALLOW
10233,0.580692,ALLOW
10234,0.522623,ALLOW
10235,0.470360,ALLOW
10236,0.423324,ALLOW
10237,0.380992,ALLOW
10238,0.342893,ALLOW
10239,0.308603,ALLOW
10240,0.277743,ALLOW
10241,0.249969,ALLOW
10242,0.224972,ALLOW
10243,0.202475,ALLOW
10244,0.182227,ALLOW
10245,0.164005,ALLOW
10246,3.978314,ALLOW
10247,3.580483,ALLOW
10248,3.222435,ALLOW
10249,2.900191,ALLOW
10250,2.610172,ALLOW
10251,2.349155,ALLOW
10252,2.114239,ALLOW
10253,1.902815,ALLOW
10254,1.712534,ALLOW
10255,1.541280,ALLOW
10256,1.387152,ALLOW
10257,1.248437,ALLOW
10258,1.123593,ALLOW
10259,1.011234,ALLOW
10260,0.910111,ALLOW
10261,0.819100,ALLOW
10262,0.737190,ALLOW
10263,0.663471,ALLOW
10264,0.597124,ALLOW
10265,0.537411,ALLOW
10266,0.483670,ALLOW
10267,0.435303,ALLOW
10268,0.391773,ALLOW
10269,0.352596,ALLOW
10270,0.317336,ALLOW
10271,2.658868,ALLOW
10272,2.392981,ALLOW
10273,2.153683,ALLOW
10274,1.938315,ALLOW
10275,1.744483,ALLOW
10276,1.570035,ALLOW
10277,1.413031,ALLOW
10278,1.271728,ALLOW
10279,1.144555,ALLOW
10280,1.030100,ALLOW
10281,0.927090,ALLOW
10282,0.834381,ALLOW
10283,0.750943,ALLOW
10284,0.675849,ALLOW
10285,0.608264,ALLOW
10286,0.547437,ALLOW
10287,0.492694,ALLOW
10288,0.443424,ALLOW
10289,0.399082,ALLOW
10290,0.359174,ALLOW
10291,0.323256,ALLOW
10292,0.290931,ALLOW
10293,0.261838,ALLOW
10294,0.235654,ALLOW
10295,0.212088,ALLOW
10296,0.190880,ALLOW
10297,0.171792,ALLOW
10298,0.154612,ALLOW
10299,0.139151,ALLOW
10300,0.125236,ALLOW
10301,0.112712,ALLOW
10302,0.101441,ALLOW
10303,0.091297,ALLOW
10304,0.082167,ALLOW
10305,0.073951,ALLOW
10306,0.066556,ALLOW
10307,0.059900,ALLOW
10308,0.053910,ALLOW
10309,0.048519,ALLOW
10310,0.043667,ALLOW
10311,0.039300,ALLOW
10312,0.035370,ALLOW
10313,0.031833,ALLOW
10314,0.028650,ALLOW
10315,0.025785,ALLOW
10316,0.023207,ALLOW
10317,0.020886,ALLOW
10318,0.018797,ALLOW
10319,0.016918,ALLOW
10320,0.015226,ALLOW
10321,0.013703,ALLOW
10322,0.012333,ALLOW
10323,0.011100,ALLOW
10324,0.009990,ALLOW
10325,0.008991,ALLOW
10326,4.065501,ALLOW
10327,3.658951,ALLOW
10328,3.293056,ALLOW
10329,2.963750,ALLOW
10330,2.667375,ALLOW
10331,2.400638,ALLOW
10332,2.160574,ALLOW
10333,1.944517,ALLOW
10334,1.750065,ALLOW
10335,1.575058,ALLOW
10336,2.956975,ALLOW
10337,2.661277,ALLOW
10338,2.395149,ALLOW
10339,2.155634,ALLOW
10340,1.940071,ALLOW
10341,1.746064,ALLOW
10342,1.571458,ALLOW
10343,1.414312,ALLOW
10344,1.272881,ALLOW
10345,11.029532,ALLOW
10346,9.926579,ALLOW
10347,8.933921,ALLOW
10348,10.522363,ALLOW
10349,9.470127,ALLOW
10350,8.523114,ALLOW
10351,7.670803,ALLOW
10352,6.903723,ALLOW
10353,6.213350,ALLOW
10354,5.592015,ALLOW
10355,5.032814,ALLOW
10356,4.529532,ALLOW
10357,7.624037,ALLOW
10358,6.861633,ALLOW
10359,6.175470,ALLOW
10360,5.557923,ALLOW
10361,5.002131,ALLOW
10362,4.501918,ALLOW
10363,4.051726,ALLOW
10364,3.646553,ALLOW
10365,3.281898,ALLOW
10366,2.953708,ALLOW
10367,2.658337,ALLOW
10368,2.392504,ALLOW
10369,4.242162,ALLOW
10370,3.817946,ALLOW
10371,3.436151,ALLOW
10372,3.092536,ALLOW
10373,2.783282,ALLOW
10374,2.504954,ALLOW
10375,2.254459,ALLOW
10376,2.029013,ALLOW
10377,1.826112,ALLOW
10378,1.643500,ALLOW
10379,1.479150,ALLOW
10380,1.331235,ALLOW
10381,1.198112,ALLOW
10382,1.078301,ALLOW
10383,0.970471,ALLOW
10384,0.873423,ALLOW
10385,0.786081,ALLOW
10386,0.707473,ALLOW
10387,0.636726,ALLOW
10388,0.573053,ALLOW
10389,0.515748,ALLOW
10390,0.464173,ALLOW
10391,0.417756,ALLOW
10392,0.375980,ALLOW
10393,0.338382,ALLOW
10394,0.304544,ALLOW
10395,0.274090,ALLOW
10396,0.246681,ALLOW
10397,0.222013,ALLOW
10398,0.199811,ALLOW
10399,0.179830,ALLOW
10400,0.161847,ALLOW
10401,0.145662,ALLOW
10402,0.131096,ALLOW
10403,0.117987,ALLOW
10404,0.106188,ALLOW
10405,0.095569,ALLOW
10406,0.086012,ALLOW
10407,0.077411,ALLOW
10408,0.069670,ALLOW
10409,0.062703,ALLOW
10410,0.056433,ALLOW
10411,0.050789,ALLOW
10412,0.045710,ALLOW
10413,0.041139,ALLOW
10414,0.037025,ALLOW
10415,0.033323,ALLOW
10416,0.029991,ALLOW
10417,0.026992,ALLOW
10418,0.024292,ALLOW
10419,0.021863,ALLOW
10420,0.019677,ALLOW
10421,0.017709,ALLOW
10422,0.015938,ALLOW
10423,0.014344,ALLOW
10424,0.012910,ALLOW
10425,0.011619,ALLOW
10426,0.010457,ALLOW
10427,0.009411,ALLOW
10428,0.008470,ALLOW
10429,0.007623,ALLOW
10430,0.006861,ALLOW
10431,0.006175,ALLOW
10432,0.005557,ALLOW
10433,0.005002,ALLOW
10434,0.004501,ALLOW
10435,0.004051,ALLOW
10436,0.003646,ALLOW
10437,0.003282,ALLOW
10438,88.089771,ALLOW
10439,79.280794,ALLOW
10440,71.352715,ALLOW
10441,64.217443,ALLOW
10442,57.795699,ALLOW
10443,52.016129,ALLOW
10444,46.814516,ALLOW
10445,42.133065,ALLOW
10446,37.919758,ALLOW
10447,34.127782,ALLOW
10448,30.715004,ALLOW
10449,27.643504,ALLOW
10450,24.879153,ALLOW
10451,22.391238,ALLOW
10452,20.152114,ALLOW
10453,18.136903,ALLOW
10454,16.323212,ALLOW
10455,35.955607,ALLOW
10456,32.360047,ALLOW
10457,29.124042,ALLOW
10458,26.211638,ALLOW
10459,23.590474,ALLOW
10460,21.231427,ALLOW
10461,19.108284,ALLOW
10462,17.197456,ALLOW
10463,15.477710,ALLOW
10464,13.929939,ALLOW
10465,12.536945,ALLOW
10466,11.283251,ALLOW
10467,10.154926,ALLOW
10468,9.139433,ALLOW
10469,8.225490,ALLOW
10470,7.402941,ALLOW
10471,6.662647,ALLOW
10472,5.996382,ALLOW
10473,7.900980,ALLOW
10474,7.110882,ALLOW
10475,6.399794,ALLOW
10476,5.759814,ALLOW
10477,5.183833,ALLOW
10478,4.665449,ALLOW
10479,4.198905,ALLOW
10480,3.779014,ALLOW
10481,3.401113,ALLOW
10482,4.768338,ALLOW
10483,4.291504,ALLOW
10484,3.862354,ALLOW
10485,3.476118,ALLOW
10486,3.128507,ALLOW
10487,2.815656,ALLOW
10488,2.534090,ALLOW
10489,2.280681,ALLOW
10490,2.052613,ALLOW
10491,1.847352,ALLOW
10492,1.662617,ALLOW
10493,1.496355,ALLOW
10494,1.346720,ALLOW
10495,1.212048,ALLOW
10496,1.090843,ALLOW
10497,0.981759,ALLOW
10498,0.883583,ALLOW
10499,0.795224,ALLOW
10500,0.715702,ALLOW
10501,0.644132,ALLOW
10502,0.579719,ALLOW
10503,0.521747,ALLOW
10504,0.469572,ALLOW
10505,0.422615,ALLOW
10506,0.380353,ALLOW
10507,0.342318,ALLOW
10508,0.308086,ALLOW
10509,0.277278,ALLOW
10510,0.249550,ALLOW
10511,0.224595,ALLOW
10512,0.202135,ALLOW
10513,0.181922,ALLOW
10514,0.163730,ALLOW
10515,0.147357,ALLOW
10516,0.132621,ALLOW
10517,0.119359,ALLOW
10518,0.107423,ALLOW
10519,0.096681,ALLOW
10520,0.087013,ALLOW
10521,0.078311,ALLOW
10522,5.635331,ALLOW
10523,5.071798,ALLOW
10524,4.564618,ALLOW
10525,4.108156,ALLOW
10526,3.697340,ALLOW
10527,3.327606,ALLOW
10528,2.994846,ALLOW
10529,2.695361,ALLOW
10530,2.425825,ALLOW
10531,2.183243,ALLOW
10532,1.964918,ALLOW
10533,4.704534,ALLOW
10534,4.234081,ALLOW
10535,3.810673,ALLOW
10536,3.429605,ALLOW
10537,3.086645,ALLOW
10538,2.777980,ALLOW
10539,2.500182,ALLOW
10540,2.250164,ALLOW
10541,2.025148,ALLOW
10542,14.256436,ALLOW
10543,12.830793,ALLOW
10544,11.547713,ALLOW
10545,10.392942,ALLOW
10546,9.353648,ALLOW
10547,8.418283,ALLOW
10548,7.576455,ALLOW
10549,6.818809,ALLOW
10550,6.136928,ALLOW
10551,5.523236,ALLOW
10552,4.970912,ALLOW
10553,4.473821,ALLOW
10554,4.026439,ALLOW
10555,3.623795,ALLOW
10556,3.261415,ALLOW
10557,2.935274,ALLOW
10558,2.641746,ALLOW
10559,2.377572,ALLOW
10560,2.139815,ALLOW
10561,1.925833,ALLOW
10562,1.733250,ALLOW
10563,1.559925,ALLOW
10564,1.403932,ALLOW
10565,1.263539,ALLOW
10566,1.137185,ALLOW
10567,1.023467,ALLOW
10568,0.921120,ALLOW
10569,0.829008,ALLOW
10570,0.746107,ALLOW
10571,0.671496,ALLOW
10572,0.604347,ALLOW
10573,0.543912,ALLOW
10574,0.489521,ALLOW
10575,0.440569,ALLOW
10576,0.396512,ALLOW
10577,0.356861,ALLOW
10578,0.321175,ALLOW
10579,0.289057,ALLOW
10580,10.549685,ALLOW
10581,9.494716,ALLOW
10582,8.545245,ALLOW
10583,7.690720,ALLOW
10584,6.921648,ALLOW
10585,6.229483,ALLOW
10586,5.606535,ALLOW
10587,5.045881,ALLOW
10588,4.541293,ALLOW
10589,4.087164,ALLOW
10590,3.678448,ALLOW
10591,3.310603,ALLOW
10592,2.979543,ALLOW
10593,2.681588,ALLOW
10594,2.413429,ALLOW
10595,2.172087,ALLOW
10596,1.954878,ALLOW
10597,1.759390,ALLOW
10598,1.583451,ALLOW
10599,1.425106,ALLOW
10600,1.282595,ALLOW
10601,1.154336,ALLOW
10602,1.038902,ALLOW
10603,0.935012,ALLOW
10604,0.841511,ALLOW
10605,0.757360,ALLOW
10606,0.681624,ALLOW
10607,0.613461,ALLOW
10608,0.552115,ALLOW
10609,0.496904,ALLOW
10610,0.447213,ALLOW
10611,0.402492,ALLOW
10612,0.362243,ALLOW
10613,0.326019,ALLOW
10614,0.293417,ALLOW
10615,0.264075,ALLOW
10616,0.237668,ALLOW
10617,0.213901,ALLOW
10618,0.192511,ALLOW
10619,0.173260,ALLOW
10620,0.155934,ALLOW
10621,0.140340,ALLOW
10622,0.126306,ALLOW
10623,0.113676,ALLOW
10624,0.102308,ALLOW
10625,0.092077,ALLOW
10626,0.082870,ALLOW
10627,0.074583,ALLOW
10628,0.067124,ALLOW
10629,0.060412,ALLOW
10630,0.054371,ALLOW
10631,0.048934,ALLOW
10632,0.044040,ALLOW
10633,0.039636,ALLOW
10634,0.035673,ALLOW
10635,0.032105,ALLOW
10636,0.028895,ALLOW
10637,0.026005,ALLOW
10638,0.023405,ALLOW
10639,0.021064,ALLOW
10640,0.018958,ALLOW
10641,0.017062,ALLOW
10642,0.015356,ALLOW
10643,0.013820,ALLOW
10644,0.012438,ALLOW
10645,0.011194,ALLOW
10646,0.010075,ALLOW
10647,0.009068,ALLOW
10648,0.008161,ALLOW
10649,0.007345,ALLOW
10650,0.006610,ALLOW
10651,0.005949,ALLOW
10652,0.005354,ALLOW
10653,0.004819,ALLOW
10654,0.004337,ALLOW
10655,0.003903,ALLOW
10656,0.003513,ALLOW
10657,0.003162,ALLOW
10658,0.002845,ALLOW
10659,0.002561,ALLOW
10660,0.002305,ALLOW
10661,0.002074,ALLOW
10662,0.001867,ALLOW
10663,0.001680,ALLOW
10664,0.001512,ALLOW
10665,0.001361,ALLOW
10666,0.001225,ALLOW
10667,0.001102,ALLOW
10668,0.000992,ALLOW
10669,0.000893,ALLOW
10670,0.000804,ALLOW
10671,0.000723,ALLOW
10672,0.000651,ALLOW
10673,2.188855,ALLOW
10674,1.969969,ALLOW
10675,1.772972,ALLOW
10676,1.595675,ALLOW
10677,1.436108,ALLOW
10678,1.292497,ALLOW
10679,1.163247,ALLOW
10680,1.046922,ALLOW
10681,0.942230,ALLOW
10682,0.848007,ALLOW
10683,0.763207,ALLOW
10684,0.686886,ALLOW
10685,0.618197,ALLOW
10686,0.556378,ALLOW
10687,0.500740,ALLOW
10688,0.450666,ALLOW
10689,0.405599,ALLOW
10690,0.365039,ALLOW
10691,0.328535,ALLOW
10692,0.295682,ALLOW
10693,0.266114,ALLOW
10694,0.239502,ALLOW
10695,0.215552,ALLOW
10696,0.193997,ALLOW
10697,0.174597,ALLOW
10698,0.157137,ALLOW
10699,0.141424,ALLOW
10700,4.237605,ALLOW
10701,3.813845,ALLOW
10702,3.432460,ALLOW
10703,3.089214,ALLOW
10704,2.780293,ALLOW
10705,2.502263,ALLOW
10706,2.252037,ALLOW
10707,2.026833,ALLOW
10708,1.824150,ALLOW
10709,1.641735,ALLOW
10710,1.477562,ALLOW
10711,1.329805,ALLOW
10712,1.196825,ALLOW
10713,1.077142,ALLOW
10714,0.969428,ALLOW
10715,0.872485,ALLOW
10716,0.785237,ALLOW
10717,0.706713,ALLOW
10718,0.636042,ALLOW
10719,0.572438,ALLOW
10720,0.515194,ALLOW
10721,0.463674,ALLOW
10722,0.417307,ALLOW
10723,0.375576,ALLOW
10724,0.338019,ALLOW
10725,0.304217,ALLOW
10726,0.273795,ALLOW
10727,0.246416,ALLOW
10728,0.221774,ALLOW
10729,2.763534,ALLOW
10730,2.487180,ALLOW
10731,2.238462,ALLOW
10732,2.014616,ALLOW
10733,1.813155,ALLOW
10734,1.631839,ALLOW
10735,1.468655,ALLOW
10736,1.321790,ALLOW
10737,1.189611,ALLOW
10738,1.070650,ALLOW
10739,0.963585,ALLOW
10740,0.867226,ALLOW
10741,0.780504,ALLOW
10742,0.702453,ALLOW
10743,0.632208,ALLOW
10744,0.568987,ALLOW
10745,0.512088,ALLOW
10746,0.460880,ALLOW
10747,0.414792,ALLOW
10748,0.373312,ALLOW
10749,0.335981,ALLOW
10750,0.302383,ALLOW
10751,0.272145,ALLOW
10752,0.244930,ALLOW
10753,0.220437,ALLOW
10754,0.198394,ALLOW
10755,0.178554,ALLOW
10756,0.160699,ALLOW
10757,0.144629,ALLOW
10758,0.130166,ALLOW
10759,0.117149,ALLOW
10760,0.105434,ALLOW
10761,0.094891,ALLOW
10762,0.085402,ALLOW
10763,0.076862,ALLOW
10764,0.069176,ALLOW
10765,0.062258,ALLOW
10766,0.056032,ALLOW
10767,0.050429,ALLOW
10768,0.045386,ALLOW
10769,0.040847,ALLOW
10770,0.036763,ALLOW
10771,0.033086,ALLOW
10772,0.029778,ALLOW
10773,0.026800,ALLOW
10774,0.024120,ALLOW
10775,0.021708,ALLOW
10776,0.019537,ALLOW
10777,3.643172,ALLOW
10778,3.278855,ALLOW
10779,2.950970,ALLOW
10780,4.877474,ALLOW
10781,4.389727,ALLOW
10782,3.950754,ALLOW
10783,3.555679,ALLOW
10784,3.200111,ALLOW
10785,2.880100,ALLOW
10786,2.592090,ALLOW
10787,2.332881,ALLOW
10788,2.099593,ALLOW
10789,1.889633,ALLOW
10790,1.700670,ALLOW
10791,1.530603,ALLOW
10792,1.377543,ALLOW
10793,1.239788,ALLOW
10794,1.115810,ALLOW
10795,1.004229,ALLOW
10796,0.903806,ALLOW
10797,0.813425,ALLOW
10798,0.732083,ALLOW
10799,0.658874,ALLOW
10800,0.592987,ALLOW
10801,0.533688,ALLOW
10802,0.480319,ALLOW
10803,0.432288,ALLOW
10804,0.389059,ALLOW
10805,0.350153,ALLOW
10806,0.315138,ALLOW
10807,0.283624,ALLOW
10808,0.255261,ALLOW
10809,0.229735,ALLOW
10810,0.206762,ALLOW
10811,0.186086,ALLOW
10812,0.167477,ALLOW
10813,0.150729,ALLOW
10814,0.135656,ALLOW
10815,0.122091,ALLOW
10816,0.109882,ALLOW
10817,0.098894,ALLOW
10818,0.089004,ALLOW
10819,0.080104,ALLOW
10820,0.072093,ALLOW
10821,0.064884,ALLOW
10822,0.058396,ALLOW
10823,0.052556,ALLOW
10824,0.047300,ALLOW
10825,0.042570,ALLOW
10826,0.038313,ALLOW
10827,0.034482,ALLOW
10828,0.031034,ALLOW
10829,0.027930,ALLOW
10830,0.025137,ALLOW
10831,0.022624,ALLOW
10832,0.020361,ALLOW
10833,0.018325,ALLOW
10834,0.016493,ALLOW
10835,0.014843,ALLOW
10836,0.013359,ALLOW
10837,0.012023,ALLOW
10838,0.010821,ALLOW
10839,0.009739,ALLOW
10840,0.008765,ALLOW
10841,0.007888,ALLOW
10842,0.007100,ALLOW
10843,0.006390,ALLOW
10844,0.005751,ALLOW
10845,0.005176,ALLOW
10846,0.004658,ALLOW
10847,0.004192,ALLOW
10848,0.003773,ALLOW
10849,0.003396,ALLOW
10850,0.003056,ALLOW
10851,0.002751,ALLOW
10852,0.002475,ALLOW
10853,0.002228,ALLOW
10854,0.002005,ALLOW
10855,0.001805,ALLOW
10856,0.001624,ALLOW
10857,0.001462,ALLOW
10858,0.001316,ALLOW
10859,0.001184,ALLOW
10860,0.001066,ALLOW
10861,0.000959,ALLOW
10862,0.000863,ALLOW
10863,0.000777,ALLOW
10864,0.000699,ALLOW
10865,0.000629,ALLOW
10866,0.000566,ALLOW
10867,0.000510,ALLOW
10868,0.000459,ALLOW
10869,0.000413,ALLOW
10870,4.053825,ALLOW
10871,3.648443,ALLOW
10872,3.283599,ALLOW
10873,2.955239,ALLOW
10874,2.659715,ALLOW
10875,2.393743,ALLOW
10876,2.154369,ALLOW
10877,1.938932,ALLOW
10878,1.745039,ALLOW
10879,1.570535,ALLOW
10880,1.413481,ALLOW
10881,2.790001,ALLOW
10882,2.511001,ALLOW
10883,2.259901,ALLOW
10884,2.033911,ALLOW
10885,1.830520,ALLOW
10886,4.706222,ALLOW
10887,4.235600,ALLOW
10888,3.812040,ALLOW
10889,3.430836,ALLOW
10890,3.087752,ALLOW
10891,2.778977,ALLOW
10892,2.501079,ALLOW
10893,2.250971,ALLOW
10894,2.025874,ALLOW
10895,1.823287,ALLOW
10896,1.640958,ALLOW
10897,1.476862,ALLOW
10898,3.190366,ALLOW
10899,2.871330,ALLOW
10900,2.584197,ALLOW
10901,2.325777,ALLOW
10902,2.093199,ALLOW
10903,1.883879,ALLOW
10904,1.695491,ALLOW
10905,1.525942,ALLOW
10906,1.373348,ALLOW
10907,1.236013,ALLOW
10908,1.112412,ALLOW
10909,1.001171,ALLOW
10910,0.901054,ALLOW
10911,0.810948,ALLOW
10912,0.729853,ALLOW
10913,0.656868,ALLOW
10914,0.591181,ALLOW
10915,0.532063,ALLOW
10916,0.478857,ALLOW
10917,0.430971,ALLOW
10918,0.387874,ALLOW
10919,0.349087,ALLOW
10920,0.314178,ALLOW
10921,0.282760,ALLOW
10922,0.254484,ALLOW
10923,0.229036,ALLOW
10924,0.206132,ALLOW
10925,0.185519,ALLOW
10926,0.166967,ALLOW
10927,0.150270,ALLOW
10928,0.135243,ALLOW
10929,0.121719,ALLOW
10930,0.109547,ALLOW
10931,0.098592,ALLOW
10932,0.088733,ALLOW
10933,0.079860,ALLOW
10934,0.071874,ALLOW
10935,9.635384,ALLOW
10936,8.671845,ALLOW
10937,7.804661,ALLOW
10938,7.024195,ALLOW
10939,8.750721,ALLOW
10940,7.875649,ALLOW
10941,7.088084,ALLOW
10942,6.379276,ALLOW
10943,5.741348,ALLOW
10944,5.167213,ALLOW
10945,4.650492,ALLOW
10946,4.185443,ALLOW
10947,3.766898,ALLOW
10948,3.390209,ALLOW
10949,3.051188,ALLOW
10950,2.746069,ALLOW
10951,2.471462,ALLOW
10952,2.224316,ALLOW
10953,2.001884,ALLOW
10954,1.801696,ALLOW
10955,1.621526,ALLOW
10956,1.459374,ALLOW
10957,1.313436,ALLOW
10958,1.182093,ALLOW
10959,1.063883,ALLOW
10960,0.957495,ALLOW
10961,0.861746,ALLOW
10962,0.775571,ALLOW
10963,0.698014,ALLOW
10964,0.628212,ALLOW
10965,0.565391,ALLOW
10966,0.508852,ALLOW
10967,0.457967,ALLOW
10968,1.954526,ALLOW
10969,1.759073,ALLOW
10970,1.583166,ALLOW
10971,1.424849,ALLOW
10972,1.282364,ALLOW
10973,1.154128,ALLOW
10974,1.038715,ALLOW
10975,0.934844,ALLOW
10976,0.841359,ALLOW
10977,0.757223,ALLOW
10978,0.681501,ALLOW
10979,0.613351,ALLOW
10980,0.552016,ALLOW
10981,0.496814,ALLOW
10982,0.447133,ALLOW
10983,0.402420,ALLOW
10984,0.362178,ALLOW
10985,0.325960,ALLOW
10986,0.293364,ALLOW
10987,0.264027,ALLOW
10988,0.237625,ALLOW
10989,0.213862,ALLOW
10990,0.192476,ALLOW
10991,0.173228,ALLOW
10992,0.155906,ALLOW
10993,0.140315,ALLOW
10994,0.126284,ALLOW
10995,0.113655,ALLOW
10996,0.102290,ALLOW
10997,0.092061,ALLOW
10998,0.082855,ALLOW
10999,0.074569,ALLOW
11000,0.067112,ALLOW
11001,0.060401,ALLOW
11002,0.054361,ALLOW
11003,0.048925,ALLOW
11004,0.044032,ALLOW
11005,0.039629,ALLOW
11006,2.327548,ALLOW
11007,2.094793,ALLOW
11008,1.885314,ALLOW
11009,7.272132,ALLOW
11010,6.544919,ALLOW
11011,5.890427,ALLOW
11012,5.301384,ALLOW
11013,4.771246,ALLOW
11014,4.294121,ALLOW
11015,3.864709,ALLOW
11016,3.478238,ALLOW
11017,3.130414,ALLOW
11018,6.533556,ALLOW
11019,5.880200,ALLOW
11020,5.292180,ALLOW
11021,4.762962,ALLOW
11022,4.286666,ALLOW
11023,3.858000,ALLOW
11024,3.472200,ALLOW
11025,3.124980,ALLOW
11026,2.812482,ALLOW
11027,2.531233,ALLOW
11028,2.278110,ALLOW
11029,2.050299,ALLOW
11030,1.845269,ALLOW
11031,1.660742,ALLOW
11032,1.494668,ALLOW
11033,1.345201,ALLOW
11034,1.210681,ALLOW
11035,2.884246,ALLOW
11036,2.595822,ALLOW
11037,2.336239,ALLOW
11038,2.102615,ALLOW
11039,1.892354,ALLOW
11040,1.703119,ALLOW
11041,1.532807,ALLOW
11042,1.379526,ALLOW
11043,1.241573,ALLOW
11044,1.117416,ALLOW
11045,1.005674,ALLOW
11046,0.905107,ALLOW
11047,0.814596,ALLOW
11048,0.733137,ALLOW
11049,0.659823,ALLOW
11050,0.593841,ALLOW
11051,0.534457,ALLOW
11052,0.481011,ALLOW
11053,0.432910,ALLOW
11054,0.389619,ALLOW
11055,0.350657,ALLOW
11056,0.315591,ALLOW
11057,0.284032,ALLOW
11058,0.255629,ALLOW
11059,0.230066,ALLOW
11060,0.207059,ALLOW
11061,0.186354,ALLOW
11062,0.167718,ALLOW
11063,0.150946,ALLOW
11064,0.135852,ALLOW
11065,0.122267,ALLOW
11066,0.110040,ALLOW
11067,0.099036,ALLOW
11068,0.089132,ALLOW
11069,0.080219,ALLOW
11070,0.072197,ALLOW
11071,0.064977,ALLOW
11072,0.058480,ALLOW
11073,0.052632,ALLOW
11074,0.047369,ALLOW
11075,0.042632,ALLOW
11076,0.038369,ALLOW
11077,0.034532,ALLOW
11078,0.031079,ALLOW
11079,5.703380,ALLOW
11080,5.133042,ALLOW
11081,62.933775,ALLOW
11082,56.640398,ALLOW
11083,58.542086,ALLOW
11084,52.687878,ALLOW
11085,47.419090,ALLOW
11086,44.751548,ALLOW
11087,40.276393,ALLOW
11088,36.248754,ALLOW
11089,32.623878,ALLOW
11090,29.361490,ALLOW
11091,26.425341,ALLOW
11092,23.782807,ALLOW
11093,21.404527,ALLOW
11094,19.264074,ALLOW
11095,17.337666,ALLOW
11096,15.603900,ALLOW
11097,14.043510,ALLOW
11098,12.639159,ALLOW
11099,11.375243,ALLOW
11100,10.237719,ALLOW
11101,9.213947,ALLOW
11102,8.292552,ALLOW
11103,7.463297,ALLOW
11104,6.716967,ALLOW
11105,6.045271,ALLOW
11106,5.440743,ALLOW
11107,4.896669,ALLOW
11108,4.407002,ALLOW
11109,3.966302,ALLOW
11110,3.569672,ALLOW
11111,3.212705,ALLOW
11112,2.891434,ALLOW
11113,2.602291,ALLOW
11114,2.342062,ALLOW
11115,2.107855,ALLOW
11116,1.897070,ALLOW
11117,1.707363,ALLOW
11118,1.536627,ALLOW
11119,1.382964,ALLOW
11120,1.244668,ALLOW
11121,1.120201,ALLOW
11122,1.008181,ALLOW
11123,0.907363,ALLOW
11124,0.816626,ALLOW
11125,0.734964,ALLOW
11126,0.661467,ALLOW
11127,0.595321,ALLOW
11128,0.535789,ALLOW
11129,0.482210,ALLOW
11130,0.433989,ALLOW
11131,0.390590,ALLOW
11132,0.351531,ALLOW
11133,4.785402,ALLOW
11134,4.306861,ALLOW
11135,13.858789,ALLOW
11136,12.472910,ALLOW
11137,11.225619,ALLOW
11138,10.103057,ALLOW
11139,10.726003,ALLOW
11140,9.653403,ALLOW
11141,8.688062,ALLOW
11142,7.819256,ALLOW
11143,7.037330,ALLOW
11144,6.333597,ALLOW
11145,5.700238,ALLOW
11146,5.130214,ALLOW
11147,4.617193,ALLOW
11148,4.155473,ALLOW
11149,3.739926,ALLOW
11150,3.365933,ALLOW
11151,3.029340,ALLOW
11152,2.726406,ALLOW
11153,2.453765,ALLOW
11154,2.208389,ALLOW
11155,1.987550,ALLOW
11156,1.788795,ALLOW
11157,1.609915,ALLOW
11158,1.448924,ALLOW
11159,1.304032,ALLOW
11160,1.173628,ALLOW
11161,1.056266,ALLOW
11162,0.950639,ALLOW
11163,0.855575,ALLOW
11164,0.770018,ALLOW
11165,0.693016,ALLOW
11166,0.623714,ALLOW
11167,0.561343,ALLOW
11168,4.373252,ALLOW
11169,3.935927,ALLOW
11170,3.542334,ALLOW
11171,3.188101,ALLOW
11172,2.869291,ALLOW
11173,2.582362,ALLOW
11174,2.324126,ALLOW
11175,2.091713,ALLOW
11176,1.882542,ALLOW
11177,1.694288,ALLOW
11178,1.524859,ALLOW
11179,1.372373,ALLOW
11180,5.951039,ALLOW
11181,5.355935,ALLOW
11182,4.820341,ALLOW
11183,8.790759,ALLOW
11184,7.911683,ALLOW
11185,7.120515,ALLOW
11186,11.402716,ALLOW
11187,10.262445,ALLOW
11188,9.236200,ALLOW
11189,8.312580,ALLOW
11190,7.481322,ALLOW
11191,6.733190,ALLOW
11192,6.059871,ALLOW
11193,5.453884,ALLOW
11194,7.172286,ALLOW
11195,6.455057,ALLOW
11196,5.809551,ALLOW
11197,5.228596,ALLOW
11198,4.705737,ALLOW
11199,4.235163,ALLOW
11200,3.811647,ALLOW
11201,3.430482,ALLOW
11202,3.087434,ALLOW
11203,2.778690,ALLOW
11204,2.500821,ALLOW
11205,2.250739,ALLOW
11206,2.025665,ALLOW
11207,1.823099,ALLOW
11208,1.640789,ALLOW
11209,1.476710,ALLOW
11210,1.329039,ALLOW
11211,1.196135,ALLOW
11212,1.076522,ALLOW
11213,0.968869,ALLOW
11214,0.871982,ALLOW
11215,0.784784,ALLOW
11216,0.706306,ALLOW
11217,0.635675,ALLOW
11218,0.572108,ALLOW
11219,0.514897,ALLOW
11220,0.463407,ALLOW
11221,0.417067,ALLOW
11222,0.375360,ALLOW
11223,0.337824,ALLOW
11224,0.304041,ALLOW
11225,0.273637,ALLOW
11226,0.246274,ALLOW
11227,0.221646,ALLOW
11228,0.199482,ALLOW
11229,0.179533,ALLOW
11230,0.161580,ALLOW
11231,0.145422,ALLOW
11232,0.130880,ALLOW
11233,0.117792,ALLOW
11234,0.106013,ALLOW
11235,0.095411,ALLOW
11236,0.085870,ALLOW
11237,0.077283,ALLOW
11238,0.069555,ALLOW
11239,0.062599,ALLOW
11240,0.056340,ALLOW
11241,0.050706,ALLOW
11242,0.045635,ALLOW
11243,0.041071,ALLOW
11244,0.036964,ALLOW
11245,0.033268,ALLOW
11246,0.029941,ALLOW
11247,0.026947,ALLOW
11248,0.024252,ALLOW
11249,0.021827,ALLOW
11250,1.549543,ALLOW
11251,1.394589,ALLOW
11252,1.255130,ALLOW
11253,5.177320,ALLOW
11254,4.659588,ALLOW
11255,4.193630,ALLOW
11256,3.774267,ALLOW
11257,3.396840,ALLOW
11258,3.057156,ALLOW
11259,2.751440,ALLOW
11260,2.476296,ALLOW
11261,3.739085,ALLOW
11262,3.365177,ALLOW
11263,3.028659,ALLOW
11264,2.725793,ALLOW
11265,2.453214,ALLOW
11266,2.207892,ALLOW
11267,1.987103,ALLOW
11268,1.788393,ALLOW
11269,1.609554,ALLOW
11270,1.448598,ALLOW
11271,1.303738,ALLOW
11272,2.955036,ALLOW
11273,2.659532,ALLOW
11274,2.393579,ALLOW
11275,2.154221,ALLOW
11276,1.938799,ALLOW
11277,1.744919,ALLOW
11278,1.570427,ALLOW
11279,1.413384,ALLOW
11280,1.272046,ALLOW
11281,1.144841,ALLOW
11282,1.030357,ALLOW
11283,0.927321,ALLOW
11284,0.834589,ALLOW
11285,0.751130,ALLOW
11286,0.676017,ALLOW
11287,0.608416,ALLOW
11288,0.547574,ALLOW
11289,0.492817,ALLOW
11290,0.443535,ALLOW
11291,3.003274,ALLOW
11292,2.702946,ALLOW
11293,2.432652,ALLOW
11294,2.189386,ALLOW
11295,1.970448,ALLOW
11296,1.773403,ALLOW
11297,1.596063,ALLOW
11298,1.436456,ALLOW
11299,1.292811,ALLOW
11300,1.163530,ALLOW
11301,1.047177,ALLOW
11302,0.942459,ALLOW
11303,0.848213,ALLOW
11304,0.763392,ALLOW
11305,0.687053,ALLOW
11306,0.618347,ALLOW
11307,0.556513,ALLOW
11308,0.500861,ALLOW
11309,0.450775,ALLOW
11310,0.405698,ALLOW
11311,0.365128,ALLOW
11312,0.328615,ALLOW
11313,0.295754,ALLOW
11314,0.266178,ALLOW
11315,0.239560,ALLOW
11316,0.215604,ALLOW
11317,0.194044,ALLOW
11318,0.174640,ALLOW
11319,0.157176,ALLOW
11320,0.141458,ALLOW
11321,0.127312,ALLOW
11322,0.114581,ALLOW
11323,0.103123,ALLOW
11324,0.092811,ALLOW
11325,0.083530,ALLOW
11326,0.075177,ALLOW
11327,0.067659,ALLOW
11328,0.060893,ALLOW
11329,0.054804,ALLOW
11330,0.049323,ALLOW
11331,0.044391,ALLOW
11332,0.039952,ALLOW
11333,0.035957,ALLOW
11334,0.032361,ALLOW
11335,0.029125,ALLOW
11336,0.026212,ALLOW
11337,0.023591,ALLOW
11338,0.021232,ALLOW
11339,0.019109,ALLOW
11340,0.017198,ALLOW
11341,0.015478,ALLOW
11342,0.013930,ALLOW
11343,0.012537,ALLOW
11344,0.011284,ALLOW
11345,0.010155,ALLOW
11346,0.009140,ALLOW
11347,0.008226,ALLOW
11348,0.007403,ALLOW
11349,0.006663,ALLOW
11350,0.005997,ALLOW
11351,0.005397,ALLOW
11352,0.004857,ALLOW
11353,0.004372,ALLOW
11354,0.003934,ALLOW
11355,0.003541,ALLOW
11356,0.003187,ALLOW
11357,0.002868,ALLOW
11358,0.002581,ALLOW
11359,0.002323,ALLOW
11360,0.002091,ALLOW
11361,0.001882,ALLOW
11362,0.001694,ALLOW
11363,0.001524,ALLOW
11364,4.462214,ALLOW
11365,4.015993,ALLOW
11366,3.614394,ALLOW
11367,3.252954,ALLOW
11368,2.927659,ALLOW
11369,2.634893,ALLOW
11370,2.371404,ALLOW
11371,2.134263,ALLOW
11372,1.920837,ALLOW
11373,1.728753,ALLOW
11374,1.555878,ALLOW
11375,1.400290,ALLOW
11376,1.260261,ALLOW
11377,1.134235,ALLOW
11378,1.020812,ALLOW
11379,0.918730,ALLOW
11380,0.826857,ALLOW
11381,0.744172,ALLOW
11382,0.669754,ALLOW
11383,0.602779,ALLOW
11384,0.542501,ALLOW
11385,0.488251,ALLOW
11386,0.439426,ALLOW
11387,0.395483,ALLOW
11388,0.355935,ALLOW
11389,0.320341,ALLOW
11390,0.288307,ALLOW
11391,0.259477,ALLOW
11392,0.233529,ALLOW
11393,1.791893,ALLOW
11394,1.612704,ALLOW
11395,1.451433,ALLOW
11396,1.306290,ALLOW
11397,1.175661,ALLOW
11398,1.058095,ALLOW
11399,0.952285,ALLOW
11400,0.857057,ALLOW
11401,3.460320,ALLOW
11402,3.114288,ALLOW
11403,2.802859,ALLOW
11404,2.522573,ALLOW
11405,2.270316,ALLOW
11406,2.043284,ALLOW
11407,1.838956,ALLOW
11408,1.655060,ALLOW
11409,1.489554,ALLOW
11410,1.340599,ALLOW
11411,1.206539,ALLOW
11412,1.085885,ALLOW
11413,0.977297,ALLOW
11414,0.879567,ALLOW
11415,0.791610,ALLOW
11416,0.712449,ALLOW
11417,2.653373,ALLOW
11418,2.388036,ALLOW
11419,2.149232,ALLOW
11420,1.934309,ALLOW
11421,1.740878,ALLOW
11422,1.566790,ALLOW
11423,1.410111,ALLOW
11424,1.269100,ALLOW
11425,1.142190,ALLOW
11426,1.027971,ALLOW
11427,0.925174,ALLOW
11428,0.832657,ALLOW
11429,0.749391,ALLOW
11430,2.264131,ALLOW
11431,2.037718,ALLOW
11432,1.833946,ALLOW
11433,1.650552,ALLOW
11434,1.485496,ALLOW
11435,1.336947,ALLOW
11436,1.203252,ALLOW
11437,1.082927,ALLOW
11438,0.974634,ALLOW
11439,0.877171,ALLOW
11440,0.789454,ALLOW
11441,0.710508,ALLOW
11442,0.639458,ALLOW
11443,0.575512,ALLOW
11444,0.517961,ALLOW
11445,0.466165,ALLOW
11446,0.419548,ALLOW
11447,0.377593,ALLOW
11448,5.546670,ALLOW
11449,4.992003,ALLOW
11450,4.492803,ALLOW
11451,4.043522,ALLOW
11452,3.639170,ALLOW
11453,3.275253,ALLOW
11454,2.947728,ALLOW
11455,2.652955,ALLOW
11456,2.387659,ALLOW
11457,2.148894,ALLOW
11458,1.934004,ALLOW
11459,1.740604,ALLOW
11460,1.566543,ALLOW
11461,1.409889,ALLOW
11462,1.268900,ALLOW
11463,1.142010,ALLOW
11464,1.027809,ALLOW
11465,3.898476,ALLOW
11466,3.508629,ALLOW
11467,3.157766,ALLOW
11468,2.841989,ALLOW
11469,2.557790,ALLOW
11470,2.302011,ALLOW
11471,2.071810,ALLOW
11472,1.864629,ALLOW
11473,1.678166,ALLOW
11474,1.510350,ALLOW
11475,1.359315,ALLOW
11476,1.223383,ALLOW
11477,1.101045,ALLOW
11478,0.990940,ALLOW
11479,0.891846,ALLOW
11480,0.802662,ALLOW
11481,0.722396,ALLOW
11482,0.650156,ALLOW
11483,0.585140,ALLOW
11484,0.526626,ALLOW
11485,0.473964,ALLOW
11486,0.426567,ALLOW
11487,0.383911,ALLOW
11488,0.345520,ALLOW
11489,0.310968,ALLOW
11490,0.279871,ALLOW
11491,0.251884,ALLOW
11492,0.226695,ALLOW
11493,3.754503,ALLOW
11494,3.379053,ALLOW
11495,3.041147,ALLOW
11496,2.737033,ALLOW
11497,2.463329,ALLOW
11498,2.216996,ALLOW
11499,1.995297,ALLOW
11500,1.795767,ALLOW
11501,1.616190,ALLOW
11502,1.454571,ALLOW
11503,1.309114,ALLOW
11504,1.178203,ALLOW
11505,1.060382,ALLOW
11506,0.954344,ALLOW
11507,0.858910,ALLOW
11508,0.773019,ALLOW
11509,0.695717,ALLOW
11510,0.626145,ALLOW
11511,3.481491,ALLOW
11512,3.133341,ALLOW
11513,2.820007,ALLOW
11514,2.538007,ALLOW
11515,2.284206,ALLOW
11516,2.055785,ALLOW
11517,1.850207,ALLOW
11518,1.665186,ALLOW
11519,1.498668,ALLOW
11520,1.348801,ALLOW
11521,1.213921,ALLOW
11522,1.092529,ALLOW
11523,0.983276,ALLOW
11524,0.884948,ALLOW
11525,0.796453,ALLOW
11526,0.716808,ALLOW
11527,0.645127,ALLOW
11528,0.580614,ALLOW
11529,0.522553,ALLOW
11530,0.470298,ALLOW
11531,0.423268,ALLOW
11532,0.380941,ALLOW
11533,0.342847,ALLOW
11534,0.308562,ALLOW
11535,0.277706,ALLOW
11536,0.249936,ALLOW
11537,0.224942,ALLOW
11538,0.202448,ALLOW
11539,0.182203,ALLOW
11540,0.163983,ALLOW
11541,0.147584,ALLOW
11542,0.132826,ALLOW
11543,0.119543,ALLOW
11544,0.107589,ALLOW
11545,0.096830,ALLOW
11546,0.087147,ALLOW
11547,0.078432,ALLOW
11548,0.070589,ALLOW
11549,0.063530,ALLOW
11550,0.057177,ALLOW
11551,0.051460,ALLOW
11552,0.046314,ALLOW
11553,0.041682,ALLOW
11554,0.037514,ALLOW
11555,0.033763,ALLOW
11556,0.030386,ALLOW
11557,0.027348,ALLOW
11558,0.024613,ALLOW
11559,0.022152,ALLOW
11560,4.494589,ALLOW
11561,4.045130,ALLOW
11562,3.640617,ALLOW
11563,3.276555,ALLOW
11564,2.948900,ALLOW
11565,2.654010,ALLOW
11566,2.388609,ALLOW
11567,2.149748,ALLOW
11568,1.934773,ALLOW
11569,1.741296,ALLOW
11570,1.567166,ALLOW
11571,1.410450,ALLOW
11572,1.269405,ALLOW
11573,1.142464,ALLOW
11574,1.028218,ALLOW
11575,0.925396,ALLOW
11576,0.832856,ALLOW
11577,0.749571,ALLOW
11578,0.674614,ALLOW
11579,0.607152,ALLOW
11580,0.546437,ALLOW
11581,0.491793,ALLOW
11582,0.442614,ALLOW
11583,10683.396315,ALLOW
11584,9615.056683,ALLOW
11585,8653.551015,ALLOW
11586,7788.195914,ALLOW
11587,7009.376322,ALLOW
11588,6308.438690,ALLOW
11589,5677.594821,ALLOW
11590,5109.835339,ALLOW
11591,4604.745026,ALLOW
11592,4144.270524,ALLOW
11593,3729.843471,ALLOW
11594,3356.859124,ALLOW
11595,3023.133151,ALLOW
11596,2720.819836,ALLOW
11597,2448.737853,ALLOW
11598,2203.864067,ALLOW
11599,1983.477661,ALLOW
11600,1785.129895,ALLOW
11601,1606.616905,ALLOW
11602,1445.955215,ALLOW
11603,1301.359693,ALLOW
11604,1171.223724,ALLOW
11605,1055.829711,ALLOW
11606,950.246740,ALLOW
11607,855.222066,ALLOW
11608,769.699859,ALLOW
11609,692.729873,ALLOW
11610,623.456886,ALLOW
11611,561.111198,ALLOW
11612,505.000078,ALLOW
11613,454.500070,ALLOW
11614,409.050063,ALLOW
11615,368.145057,ALLOW
11616,331.330551,ALLOW
11617,298.197496,ALLOW
11618,268.377746,ALLOW
11619,241.539972,ALLOW
11620,217.385975,ALLOW
11621,195.647377,ALLOW
11622,176.082639,ALLOW
11623,158.474375,ALLOW
11624,142.626938,ALLOW
11625,128.364244,ALLOW
11626,115.527820,ALLOW
11627,103.975038,ALLOW
11628,93.577534,ALLOW
11629,84.219781,ALLOW
11630,75.797802,ALLOW
11631,68.218022,ALLOW
11632,61.396220,ALLOW
11633,55.256598,ALLOW
11634,49.730938,ALLOW
11635,44.757844,ALLOW
11636,40.282060,ALLOW
11637,40.843171,ALLOW
11638,36.758854,ALLOW
11639,33.082969,ALLOW
11640,29.774672,ALLOW
11641,26.797205,ALLOW
11642,24.117484,ALLOW
11643,21.705736,ALLOW
11644,19.535162,ALLOW
11645,19.485319,ALLOW
11646,17.536787,ALLOW
11647,15.783109,ALLOW
11648,14.204798,ALLOW
11649,12.784318,ALLOW
11650,11.505886,ALLOW
11651,10.355298,ALLOW
11652,9.319768,ALLOW
11653,8.387791,ALLOW
11654,7.549012,ALLOW
11655,6.794111,ALLOW
11656,6.114700,ALLOW
11657,5.503230,ALLOW
11658,4.952907,ALLOW
11659,4.457616,ALLOW
11660,4.011854,ALLOW
11661,3.610669,ALLOW
11662,3.249602,ALLOW
11663,2.924642,ALLOW
11664,2.632178,ALLOW
11665,2.368960,ALLOW
11666,2.132064,ALLOW
11667,1.918858,ALLOW
11668,1.726972,ALLOW
11669,1.554275,ALLOW
11670,1.398847,ALLOW
11671,1.258962,ALLOW
11672,1.133066,ALLOW
11673,4.496718,ALLOW
11674,4.047047,ALLOW
11675,3.642342,ALLOW
11676,3.278108,ALLOW
11677,2.950297,ALLOW
11678,2.655267,ALLOW
11679,2.389741,ALLOW
11680,2.150766,ALLOW
11681,1.935690,ALLOW
11682,1.742121,ALLOW
11683,1.567909,ALLOW
11684,1.411118,ALLOW
11685,1.270006,ALLOW
11686,1.143005,ALLOW
11687,1.028705,ALLOW
11688,0.925834,ALLOW
11689,0.833251,ALLOW
11690,0.749926,ALLOW
11691,0.674933,ALLOW
11692,0.607440,ALLOW
11693,0.546696,ALLOW
11694,0.492026,ALLOW
11695,0.442824,ALLOW
11696,0.398541,ALLOW
11697,0.358687,ALLOW
11698,0.322819,ALLOW
11699,0.290537,ALLOW
11700,0.261483,ALLOW
11701,0.235335,ALLOW
11702,0.211801,ALLOW
11703,0.190621,ALLOW
11704,0.171559,ALLOW
11705,0.154403,ALLOW
11706,0.138963,ALLOW
11707,0.125067,ALLOW
11708,0.112560,ALLOW
11709,0.101304,ALLOW
11710,0.091173,ALLOW
11711,0.082056,ALLOW
11712,4.973137,ALLOW
11713,4.475824,ALLOW
11714,4.028241,ALLOW
11715,3.625417,ALLOW
11716,3.262875,ALLOW
11717,2.936588,ALLOW
11718,2.642929,ALLOW
11719,2.378636,ALLOW
11720,2.140773,ALLOW
11721,1.926695,ALLOW
11722,1.734026,ALLOW
11723,1.560623,ALLOW
11724,1.404561,ALLOW
11725,1.264105,ALLOW
11726,1.137694,ALLOW
11727,1.023925,ALLOW
11728,0.921532,ALLOW
11729,0.829379,ALLOW
11730,0.746441,ALLOW
11731,0.671797,ALLOW
11732,0.604617,ALLOW
11733,0.544156,ALLOW
11734,0.489740,ALLOW
11735,0.440766,ALLOW
11736,0.396689,ALLOW
11737,0.357021,ALLOW
11738,0.321318,ALLOW
11739,0.289187,ALLOW
11740,0.260268,ALLOW
11741,0.234241,ALLOW
11742,0.210817,ALLOW
11743,0.189735,ALLOW
11744,0.170762,ALLOW
11745,0.153686,ALLOW
11746,0.138317,ALLOW
11747,0.124485,ALLOW
11748,0.112037,ALLOW
11749,0.100833,ALLOW
11750,0.090750,ALLOW
11751,0.081675,ALLOW
11752,0.073507,ALLOW
11753,0.066157,ALLOW
11754,0.059541,ALLOW
11755,0.053587,ALLOW
11756,0.048228,ALLOW
11757,0.043405,ALLOW
11758,0.039065,ALLOW
11759,0.035158,ALLOW
11760,0.031643,ALLOW
11761,0.028478,ALLOW
11762,0.025630,ALLOW
11763,0.023067,ALLOW
11764,0.020761,ALLOW
11765,0.018685,ALLOW
11766,0.016816,ALLOW
11767,0.015135,ALLOW
11768,0.013621,ALLOW
11769,0.012259,ALLOW
11770,0.011033,ALLOW
11771,0.009930,ALLOW
11772,0.008937,ALLOW
11773,0.008043,ALLOW
11774,0.007239,ALLOW
11775,0.006515,ALLOW
11776,0.005863,ALLOW
11777,0.005277,ALLOW
11778,0.004749,ALLOW
11779,0.004274,ALLOW
11780,0.003847,ALLOW
11781,0.003462,ALLOW
11782,0.003116,ALLOW
11783,0.002804,ALLOW
11784,0.002524,ALLOW
11785,0.002272,ALLOW
11786,0.002044,ALLOW
11787,0.001840,ALLOW
11788,0.001656,ALLOW
11789,0.001490,ALLOW
11790,0.001341,ALLOW
11791,0.001207,ALLOW
11792,0.001087,ALLOW
11793,0.000978,ALLOW
11794,0.000880,ALLOW
11795,0.000792,ALLOW
11796,0.000713,ALLOW
11797,0.000642,ALLOW
11798,0.000577,ALLOW
11799,0.000520,ALLOW
11800,0.000468,ALLOW
11801,0.000421,ALLOW
11802,0.000379,ALLOW
11803,0.000341,ALLOW
11804,0.000307,ALLOW
11805,0.000276,ALLOW
11806,0.000249,ALLOW
11807,0.000224,ALLOW
11808,0.000201,ALLOW
11809,0.000181,ALLOW
11810,0.000163,ALLOW
11811,0.000147,ALLOW
11812,0.000132,ALLOW
11813,0.000119,ALLOW
11814,0.000107,ALLOW
11815,0.000096,ALLOW
11816,0.000087,ALLOW
11817,0.000078,ALLOW
11818,0.000070,ALLOW
11819,0.000063,ALLOW
11820,0.000057,ALLOW
11821,0.000051,ALLOW
11822,0.000046,ALLOW
11823,0.000041,ALLOW
11824,0.000037,ALLOW
11825,0.000034,ALLOW
11826,0.000030,ALLOW
11827,0.000027,ALLOW
11828,0.000024,ALLOW
11829,0.000022,ALLOW
11830,0.000020,ALLOW
11831,0.000018,ALLOW
11832,0.000016,ALLOW
11833,0.000014,ALLOW
11834,0.000013,ALLOW
11835,0.000012,ALLOW
11836,0.000011,ALLOW
11837,0.000009,ALLOW
11838,0.000009,ALLOW
11839,0.000008,ALLOW
11840,0.000007,ALLOW
11841,0.000006,ALLOW
11842,0.000006,ALLOW
11843,0.000005,ALLOW
11844,0.000005,ALLOW
11845,0.000004,ALLOW
11846,0.000004,ALLOW
11847,0.000003,ALLOW
11848,0.000003,ALLOW
11849,0.000003,ALLOW
11850,35.324079,ALLOW
11851,31.791671,ALLOW
11852,28.612504,ALLOW
11853,25.751253,ALLOW
11854,23.176128,ALLOW
11855,20.858515,ALLOW
11856,18.772664,ALLOW
11857,16.895397,ALLOW
11858,15.205858,ALLOW
11859,13.685272,ALLOW
11860,12.316745,ALLOW
11861,11.085070,ALLOW
11862,9.976563,ALLOW
11863,8.978907,ALLOW
11864,40.364108,ALLOW
11865,36.327697,ALLOW
11866,32.694927,ALLOW
11867,29.425434,ALLOW
11868,26.482891,ALLOW
11869,23.834602,ALLOW
11870,21.451142,ALLOW
11871,19.306027,ALLOW
11872,17.375425,ALLOW
11873,15.637882,ALLOW
11874,14.074094,ALLOW
11875,12.666685,ALLOW
11876,11.400016,ALLOW
11877,10.260015,ALLOW
11878,9.234013,ALLOW
11879,8.310612,ALLOW
11880,7.479551,ALLOW
11881,6.731596,ALLOW
11882,6.058436,ALLOW
11883,5.452592,ALLOW
11884,4.907333,ALLOW
11885,4.416600,ALLOW
11886,3.974940,ALLOW
11887,3.577446,ALLOW
11888,3.219701,ALLOW
11889,2.897731,ALLOW
11890,2.607958,ALLOW
11891,2.347162,ALLOW
11892,2.112446,ALLOW
11893,1.901201,ALLOW
11894,1.711081,ALLOW
11895,1.539973,ALLOW
11896,1.385976,ALLOW
11897,1.247378,ALLOW
11898,1.122640,ALLOW
11899,1.010376,ALLOW
11900,0.909339,ALLOW
11901,0.818405,ALLOW
11902,0.736564,ALLOW
11903,0.662908,ALLOW
11904,0.596617,ALLOW
11905,0.536955,ALLOW
11906,0.483260,ALLOW
11907,0.434934,ALLOW
11908,4.137923,ALLOW
11909,3.724131,ALLOW
11910,3.351718,ALLOW
11911,3.016546,ALLOW
11912,2.714891,ALLOW
11913,2.443402,ALLOW
11914,2.199062,ALLOW
11915,1.979156,ALLOW
11916,1.781240,ALLOW
11917,1.603116,ALLOW
11918,1.442805,ALLOW
11919,1.298524,ALLOW
11920,1.168672,ALLOW
11921,1.051804,ALLOW
11922,0.946624,ALLOW
11923,0.851962,ALLOW
11924,0.766765,ALLOW
11925,0.690089,ALLOW
11926,0.621080,ALLOW
11927,0.558972,ALLOW
11928,0.503075,ALLOW
11929,0.452767,ALLOW
11930,0.407491,ALLOW
11931,0.366742,ALLOW
11932,0.330067,ALLOW
11933,0.297061,ALLOW
11934,0.267355,ALLOW
11935,0.240619,ALLOW
11936,0.216557,ALLOW
11937,0.194901,ALLOW
11938,0.175411,ALLOW
11939,0.157870,ALLOW
11940,0.142083,ALLOW
11941,0.127875,ALLOW
11942,0.115087,ALLOW
11943,0.103579,ALLOW
11944,0.093221,ALLOW
11945,0.083899,ALLOW
11946,0.075509,ALLOW
11947,0.067958,ALLOW
11948,0.061162,ALLOW
11949,0.055046,ALLOW
11950,0.049541,ALLOW
11951,0.044587,ALLOW
11952,0.040128,ALLOW
11953,0.036116,ALLOW
11954,0.032504,ALLOW
11955,0.029254,ALLOW
11956,0.026328,ALLOW
11957,0.023695,ALLOW
11958,0.021326,ALLOW
11959,0.019193,ALLOW
11960,0.017274,ALLOW
11961,0.015547,ALLOW
11962,0.013992,ALLOW
11963,0.012593,ALLOW
11964,0.011333,ALLOW
11965,0.010200,ALLOW
11966,0.009180,ALLOW
11967,0.008262,ALLOW
11968,0.007436,ALLOW
11969,0.006692,ALLOW
11970,0.006023,ALLOW
11971,0.005421,ALLOW
11972,0.004879,ALLOW
11973,0.004391,ALLOW
11974,0.003952,ALLOW
11975,0.003557,ALLOW
11976,0.003201,ALLOW
11977,0.002881,ALLOW
11978,0.002593,ALLOW
11979,0.002333,ALLOW
11980,0.002100,ALLOW
11981,0.001890,ALLOW
11982,310.460729,ALLOW
11983,279.414656,ALLOW
11984,251.473191,ALLOW
11985,226.325872,ALLOW
11986,203.693285,ALLOW
11987,183.323956,ALLOW
11988,164.991560,ALLOW
11989,148.492404,ALLOW
11990,133.643164,ALLOW
11991,120.278848,ALLOW
11992,108.250963,ALLOW
11993,97.425867,ALLOW
11994,87.683280,ALLOW
11995,78.914952,ALLOW
11996,71.023457,ALLOW
11997,63.921111,ALLOW
11998,57.529000,ALLOW
11999,51.776100,ALLOW
12000,46.598490,ALLOW
12001,41.938641,ALLOW
12002,37.744777,ALLOW
12003,33.970299,ALLOW
12004,30.573269,ALLOW
12005,27.515942,ALLOW
12006,24.764348,ALLOW
12007,22.287913,ALLOW
12008,20.059122,ALLOW
12009,18.053210,ALLOW
12010,16.247889,ALLOW
12011,14.623100,ALLOW
12012,13.160790,ALLOW
12013,11.844711,ALLOW
12014,10.660240,ALLOW
12015,9.594216,ALLOW
12016,8.634794,ALLOW
12017,7.771315,ALLOW
12018,6.994183,ALLOW
12019,6.294765,ALLOW
12020,5.665289,ALLOW
12021,5.098760,ALLOW
12022,4.588884,ALLOW
12023,4.129995,ALLOW
12024,3.716996,ALLOW
12025,3.345296,ALLOW
12026,3.010767,ALLOW
12027,2.709690,ALLOW
12028,2.438721,ALLOW
12029,2.194849,ALLOW
12030,1.975364,ALLOW
12031,1.777828,ALLOW
12032,1.600045,ALLOW
12033,1.440040,ALLOW
12034,1.296036,ALLOW
12035,1.166433,ALLOW
12036,1.049789,ALLOW
12037,0.944810,ALLOW
12038,0.850329,ALLOW
12039,0.765296,ALLOW
12040,0.688767,ALLOW
12041,0.619890,ALLOW
12042,0.557901,ALLOW
12043,0.502111,ALLOW
12044,0.451900,ALLOW
12045,0.406710,ALLOW
12046,0.366039,ALLOW
12047,0.329435,ALLOW
12048,0.296492,ALLOW
12049,0.266842,ALLOW
12050,0.240158,ALLOW
12051,0.216142,ALLOW
12052,0.194528,ALLOW
12053,0.175075,ALLOW
12054,0.157568,ALLOW
12055,0.141811,ALLOW
12056,0.127630,ALLOW
12057,0.114867,ALLOW
12058,0.103380,ALLOW
12059,0.093042,ALLOW
12060,0.083738,ALLOW
12061,0.075364,ALLOW
12062,0.067828,ALLOW
12063,0.061045,ALLOW
12064,0.054940,ALLOW
12065,0.049446,ALLOW
12066,0.044502,ALLOW
12067,0.040052,ALLOW
12068,0.036046,ALLOW
12069,0.032442,ALLOW
12070,0.029198,ALLOW
12071,0.026278,ALLOW
12072,0.023650,ALLOW
12073,0.021285,ALLOW
12074,0.019157,ALLOW
12075,0.017241,ALLOW
12076,0.015517,ALLOW
12077,0.013965,ALLOW
12078,0.012569,ALLOW
12079,0.011312,ALLOW
12080,0.010181,ALLOW
12081,0.009163,ALLOW
12082,0.008246,ALLOW
12083,0.007422,ALLOW
12084,0.006679,ALLOW
12085,0.006012,ALLOW
12086,0.005410,ALLOW
12087,0.004869,ALLOW
12088,0.004382,ALLOW
12089,0.003944,ALLOW
12090,0.003550,ALLOW
12091,0.003195,ALLOW
12092,0.002875,ALLOW
12093,0.002588,ALLOW
12094,0.002329,ALLOW
12095,0.002096,ALLOW
12096,0.001886,ALLOW
12097,0.001698,ALLOW
12098,0.001528,ALLOW
12099,0.001375,ALLOW
12100,0.001238,ALLOW
12101,0.001114,ALLOW
12102,0.001003,ALLOW
12103,0.000902,ALLOW
12104,0.000812,ALLOW
12105,0.000731,ALLOW
12106,0.000658,ALLOW
12107,0.000592,ALLOW
12108,0.000533,ALLOW
12109,0.000480,ALLOW
12110,0.000432,ALLOW
12111,0.000388,ALLOW
12112,0.000350,ALLOW
12113,0.000315,ALLOW
12114,0.000283,ALLOW
12115,0.000255,ALLOW
12116,0.000229,ALLOW
12117,0.000206,ALLOW
12118,0.000186,ALLOW
12119,0.000167,ALLOW
12120,0.000150,ALLOW
12121,0.000135,ALLOW
12122,0.000122,ALLOW
12123,0.000110,ALLOW
12124,0.000099,ALLOW
12125,0.000089,ALLOW
12126,0.000080,ALLOW
12127,0.000072,ALLOW
12128,0.000065,ALLOW
12129,0.000058,ALLOW
12130,0.000052,ALLOW
12131,0.000047,ALLOW
12132,0.000042,ALLOW
12133,0.000038,ALLOW
12134,0.000034,ALLOW
12135,0.000031,ALLOW
12136,0.000028,ALLOW
12137,0.000025,ALLOW
12138,0.000023,ALLOW
12139,0.000020,ALLOW
12140,0.000018,ALLOW
12141,0.000016,ALLOW
12142,0.000015,ALLOW
12143,0.000013,ALLOW
12144,0.000012,ALLOW
12145,0.000011,ALLOW
12146,0.000010,ALLOW
12147,0.000009,ALLOW
12148,0.000008,ALLOW
12149,0.000007,ALLOW
12150,0.000006,ALLOW
12151,0.000006,ALLOW
12152,0.000005,ALLOW
12153,0.000005,ALLOW
12154,0.000004,ALLOW
12155,0.000004,ALLOW
12156,0.000003,ALLOW
12157,0.000003,ALLOW
12158,0.000003,ALLOW
12159,0.000002,ALLOW
12160,0.000002,ALLOW
12161,0.000002,ALLOW
12162,0.000002,ALLOW
12163,0.000002,ALLOW
12164,0.000001,ALLOW
12165,0.000001,ALLOW
12166,0.000001,ALLOW
12167,0.000001,ALLOW
12168,0.000001,ALLOW
12169,0.000001,ALLOW
12170,0.000001,ALLOW
12171,0.000001,ALLOW
12172,0.000001,ALLOW
12173,0.000001,ALLOW
12174,0.000001,ALLOW
12175,0.000000,ALLOW
12176,0.000000,ALLOW
12177,0.000000,ALLOW
12178,0.000000,ALLOW
12179,0.000000,ALLOW
12180,0.000000,ALLOW
12181,0.000000,ALLOW
12182,0.000000,ALLOW
12183,0.000000,ALLOW
12184,0.000000,ALLOW
12185,0.000000,ALLOW
12186,0.000000,ALLOW
12187,0.000000,ALLOW
12188,0.000000,ALLOW
12189,108.791904,ALLOW
12190,97.912713,ALLOW
12191,88.121442,ALLOW
12192,79.309298,ALLOW
12193,71.378368,ALLOW
12194,64.240531,ALLOW
12195,57.816478,ALLOW
12196,52.034830,ALLOW
12197,46.831347,ALLOW
12198,42.148213,ALLOW
12199,37.933391,ALLOW
12200,34.140052,ALLOW
12201,30.726047,ALLOW
12202,27.653442,ALLOW
12203,24.888098,ALLOW
12204,22.399288,ALLOW
12205,20.159359,ALLOW
12206,18.143423,ALLOW
12207,16.329081,ALLOW
12208,14.696173,ALLOW
12209,13.226556,ALLOW
12210,11.903900,ALLOW
12211,10.713510,ALLOW
12212,9.642159,ALLOW
12213,8.677943,ALLOW
12214,7.810149,ALLOW
12215,7.029134,ALLOW
12216,6.326221,ALLOW
12217,5.693599,ALLOW
12218,5.124239,ALLOW
12219,4.611815,ALLOW
12220,4.150633,ALLOW
12221,3.735570,ALLOW
12222,3.362013,ALLOW
12223,3.025812,ALLOW
12224,2.723231,ALLOW
12225,2.450907,ALLOW
12226,2.205817,ALLOW
12227,1.985235,ALLOW
12228,1.786712,ALLOW
12229,1.608040,ALLOW
12230,1.447236,ALLOW
12231,1.302513,ALLOW
12232,1.172261,ALLOW
12233,1.055035,ALLOW
12234,0.949532,ALLOW
12235,0.854579,ALLOW
12236,0.769121,ALLOW
12237,0.692209,ALLOW
12238,0.622988,ALLOW
12239,0.560689,ALLOW
12240,0.504620,ALLOW
12241,0.454158,ALLOW
12242,0.408742,ALLOW
12243,0.367868,ALLOW
12244,0.331081,ALLOW
12245,0.297973,ALLOW
12246,0.268176,ALLOW
12247,0.241358,ALLOW
12248,0.217222,ALLOW
12249,0.195500,ALLOW
12250,0.175950,ALLOW
12251,0.158355,ALLOW
12252,0.142520,ALLOW
12253,0.128268,ALLOW
12254,0.115441,ALLOW
12255,0.103897,ALLOW
12256,0.093507,ALLOW
12257,0.084156,ALLOW
12258,0.075741,ALLOW
12259,0.068167,ALLOW
12260,0.061350,ALLOW
12261,0.055215,ALLOW
12262,0.049694,ALLOW
12263,0.044724,ALLOW
12264,0.040252,ALLOW
12265,0.036227,ALLOW
12266,0.032604,ALLOW
12267,0.029344,ALLOW
12268,0.026409,ALLOW
12269,0.023768,ALLOW
12270,0.021391,ALLOW
12271,0.019252,ALLOW
12272,0.017327,ALLOW
12273,0.015594,ALLOW
12274,0.014035,ALLOW
12275,0.012631,ALLOW
12276,0.011368,ALLOW
12277,0.010231,ALLOW
12278,0.009208,ALLOW
12279,0.008287,ALLOW
12280,0.007459,ALLOW
12281,0.006713,ALLOW
12282,0.006042,ALLOW
12283,0.005437,ALLOW
12284,0.004894,ALLOW
12285,0.004404,ALLOW
12286,0.003964,ALLOW
12287,0.003567,ALLOW
12288,0.003211,ALLOW
12289,0.002890,ALLOW
12290,0.002601,ALLOW
12291,0.002341,ALLOW
12292,0.002107,ALLOW
12293,0.001896,ALLOW
12294,0.001706,ALLOW
12295,0.001536,ALLOW
12296,0.001382,ALLOW
12297,0.001244,ALLOW
12298,0.001120,ALLOW
12299,0.001008,ALLOW
12300,0.000907,ALLOW
12301,0.000816,ALLOW
12302,0.000735,ALLOW
12303,0.000661,ALLOW
12304,0.000595,ALLOW
12305,0.000535,ALLOW
12306,0.000482,ALLOW
12307,0.000434,ALLOW
12308,0.000390,ALLOW
12309,0.000351,ALLOW
12310,0.000316,ALLOW
12311,0.000285,ALLOW
12312,0.000256,ALLOW
12313,0.000230,ALLOW
12314,0.000207,ALLOW
12315,0.000187,ALLOW
12316,0.000168,ALLOW
12317,0.000151,ALLOW
12318,0.000136,ALLOW
12319,0.000122,ALLOW
12320,0.000110,ALLOW
12321,0.000099,ALLOW
12322,0.000089,ALLOW
12323,0.000080,ALLOW
12324,0.000072,ALLOW
12325,0.000065,ALLOW
12326,0.000059,ALLOW
12327,0.000053,ALLOW
12328,0.000047,ALLOW
12329,0.000043,ALLOW
12330,0.000038,ALLOW
12331,0.000035,ALLOW
12332,0.000031,ALLOW
12333,0.000028,ALLOW
12334,0.000025,ALLOW
12335,0.000023,ALLOW
12336,0.000020,ALLOW
12337,0.000018,ALLOW
12338,0.000017,ALLOW
12339,0.000015,ALLOW
12340,0.000013,ALLOW
12341,0.000012,ALLOW
12342,0.000011,ALLOW
12343,0.000010,ALLOW
12344,0.000009,ALLOW
12345,0.000008,ALLOW
12346,0.000007,ALLOW
12347,0.000006,ALLOW
12348,0.000006,ALLOW
12349,0.000005,ALLOW
12350,0.000005,ALLOW
12351,0.000004,ALLOW
12352,0.000004,ALLOW
12353,0.000003,ALLOW
12354,0.000003,ALLOW
12355,0.000003,ALLOW
12356,0.000002,ALLOW
12357,0.000002,ALLOW
12358,0.000002,ALLOW
12359,0.000002,ALLOW
12360,0.000002,ALLOW
12361,0.000001,ALLOW
12362,0.000001,ALLOW
12363,0.000001,ALLOW
12364,0.000001,ALLOW
12365,0.000001,ALLOW
12366,0.000001,ALLOW
12367,0.000001,ALLOW
12368,0.000001,ALLOW
12369,0.000001,ALLOW
12370,0.000001,ALLOW
12371,0.000001,ALLOW
12372,0.000000,ALLOW
12373,0.000000,ALLOW
12374,0.000000,ALLOW
12375,0.000000,ALLOW
12376,0.000000,ALLOW
12377,0.000000,ALLOW
12378,0.000000,ALLOW
12379,0.000000,ALLOW
12380,0.000000,ALLOW
12381,0.000000,ALLOW
12382,0.000000,ALLOW
12383,0.000000,ALLOW
12384,0.000000,ALLOW
12385,0.000000,ALLOW
12386,0.000000,ALLOW
12387,0.000000,ALLOW
12388,0.000000,ALLOW
12389,0.000000,ALLOW
12390,0.000000,ALLOW
12391,0.000000,ALLOW
12392,0.000000,ALLOW
12393,0.000000,ALLOW
12394,0.000000,ALLOW
12395,0.000000,ALLOW
12396,0.000000,ALLOW
12397,0.000000,ALLOW
12398,0.000000,ALLOW
12399,0.000000,ALLOW
12400,0.000000,ALLOW
12401,0.000000,ALLOW
12402,0.000000,ALLOW
12403,0.000000,ALLOW
12404,0.000000,ALLOW
12405,0.000000,ALLOW
12406,0.000000,ALLOW
12407,0.000000,ALLOW
12408,0.000000,ALLOW
12409,0.000000,ALLOW
12410,0.000000,ALLOW
12411,0.000000,ALLOW
12412,0.000000,ALLOW
12413,0.000000,ALLOW
12414,0.000000,ALLOW
12415,0.000000,ALLOW
12416,0.000000,ALLOW
12417,0.000000,ALLOW
12418,0.000000,ALLOW
12419,0.000000,ALLOW
12420,0.000000,ALLOW
12421,0.000000,ALLOW
12422,0.000000,ALLOW
12423,0.000000,ALLOW
12424,0.000000,ALLOW
12425,0.000000,ALLOW
12426,0.000000,ALLOW
12427,0.000000,ALLOW
12428,0.000000,ALLOW
12429,0.000000,ALLOW
12430,0.000000,ALLOW
12431,0.000000,ALLOW
12432,0.000000,ALLOW
12433,0.000000,ALLOW
12434,0.000000,ALLOW
12435,0.000000,ALLOW
12436,0.000000,ALLOW
12437,0.000000,ALLOW
12438,0.000000,ALLOW
12439,0.000000,ALLOW
12440,0.000000,ALLOW
12441,0.000000,ALLOW
12442,0.000000,ALLOW
12443,0.000000,ALLOW
12444,0.000000,ALLOW
12445,0.000000,ALLOW
12446,0.000000,ALLOW
12447,0.000000,ALLOW
12448,0.000000,ALLOW
12449,0.000000,ALLOW
12450,0.000000,ALLOW
12451,0.000000,ALLOW
12452,0.000000,ALLOW
12453,0.000000,ALLOW
12454,0.000000,ALLOW
12455,0.000000,ALLOW
12456,0.000000,ALLOW
12457,0.000000,ALLOW
12458,0.000000,ALLOW
12459,0.000000,ALLOW
12460,0.000000,ALLOW
12461,0.000000,ALLOW
12462,0.000000,ALLOW
12463,0.000000,ALLOW
12464,0.000000,ALLOW
12465,0.000000,ALLOW
12466,0.000000,ALLOW
12467,0.000000,ALLOW
12468,0.000000,ALLOW
12469,0.000000,ALLOW
12470,0.000000,ALLOW
12471,0.000000,ALLOW
12472,0.000000,ALLOW
12473,0.000000,ALLOW
12474,0.000000,ALLOW
12475,0.000000,ALLOW
12476,0.000000,ALLOW
12477,0.000000,ALLOW
12478,0.000000,ALLOW
12479,0.000000,ALLOW
12480,0.000000,ALLOW
12481,0.000000,ALLOW
12482,0.000000,ALLOW
12483,0.000000,ALLOW
12484,0.000000,ALLOW
12485,0.000000,ALLOW
12486,0.000000,ALLOW
12487,0.000000,ALLOW
12488,0.000000,ALLOW
12489,0.000000,ALLOW
12490,0.000000,ALLOW
12491,0.000000,ALLOW
12492,0.000000,ALLOW
12493,0.000000,ALLOW
12494,0.000000,ALLOW
12495,0.000000,ALLOW
12496,0.000000,ALLOW
12497,0.000000,ALLOW
12498,0.000000,ALLOW
12499,0.000000,ALLOW
12500,0.000000,ALLOW
12501,0.000000,ALLOW
12502,0.000000,ALLOW
12503,0.000000,ALLOW
12504,0.000000,ALLOW
12505,0.000000,ALLOW
12506,0.000000,ALLOW
12507,0.000000,ALLOW
12508,0.000000,ALLOW
12509,0.000000,ALLOW
12510,0.000000,ALLOW
12511,0.000000,ALLOW
12512,0.000000,ALLOW
12513,0.000000,ALLOW
12514,0.000000,ALLOW
12515,0.000000,ALLOW
12516,0.000000,ALLOW
12517,0.000000,ALLOW
12518,0.000000,ALLOW
12519,0.000000,ALLOW
12520,0.000000,ALLOW
12521,0.000000,ALLOW
12522,0.000000,ALLOW
12523,0.000000,ALLOW
12524,0.000000,ALLOW
12525,0.000000,ALLOW
12526,0.000000,ALLOW
12527,0.000000,ALLOW
12528,0.000000,ALLOW
12529,0.000000,ALLOW
12530,0.000000,ALLOW
12531,0.000000,ALLOW
12532,0.000000,ALLOW
12533,0.000000,ALLOW
12534,0.000000,ALLOW
12535,0.000000,ALLOW
12536,0.000000,ALLOW
12537,0.000000,ALLOW
12538,0.000000,ALLOW
12539,0.000000,ALLOW
12540,0.000000,ALLOW
12541,0.000000,ALLOW
12542,0.000000,ALLOW
12543,0.000000,ALLOW
12544,0.000000,ALLOW
12545,0.000000,ALLOW
12546,0.000000,ALLOW
12547,0.000000,ALLOW
12548,0.000000,ALLOW
12549,0.000000,ALLOW
12550,0.000000,ALLOW
12551,0.000000,ALLOW
12552,0.000000,ALLOW
12553,0.000000,ALLOW
12554,0.000000,ALLOW
12555,0.000000,ALLOW
12556,0.000000,ALLOW
12557,0.000000,ALLOW
12558,0.000000,ALLOW
12559,0.000000,ALLOW
12560,0.000000,ALLOW
12561,0.000000,ALLOW
12562,0.000000,ALLOW
12563,0.000000,ALLOW
12564,0.000000,ALLOW
12565,0.000000,ALLOW
12566,0.000000,ALLOW
12567,0.000000,ALLOW
12568,0.000000,ALLOW
12569,0.000000,ALLOW
12570,0.000000,ALLOW
12571,0.000000,ALLOW
12572,0.000000,ALLOW
12573,0.000000,ALLOW
12574,0.000000,ALLOW
12575,0.000000,ALLOW
12576,0.000000,ALLOW
12577,0.000000,ALLOW
12578,0.000000,ALLOW
12579,0.000000,ALLOW
12580,0.000000,ALLOW
12581,0.000000,ALLOW
12582,0.000000,ALLOW
12583,0.000000,ALLOW
12584,0.000000,ALLOW
12585,0.000000,ALLOW
12586,0.000000,ALLOW
12587,0.000000,ALLOW
12588,0.000000,ALLOW
12589,0.000000,ALLOW
12590,0.000000,ALLOW
12591,0.000000,ALLOW
12592,0.000000,ALLOW
12593,0.000000,ALLOW
12594,0.000000,ALLOW
12595,0.000000,ALLOW
12596,0.000000,ALLOW
12597,0.000000,ALLOW
12598,0.000000,ALLOW
12599,0.000000,ALLOW
12600,0.000000,ALLOW
12601,0.000000,ALLOW
12602,0.000000,ALLOW
12603,0.000000,ALLOW
12604,0.000000,ALLOW
12605,0.000000,ALLOW
12606,0.000000,ALLOW
12607,0.000000,ALLOW
12608,0.000000,ALLOW
12609,0.000000,ALLOW
12610,0.000000,ALLOW
12611,0.000000,ALLOW
12612,0.000000,ALLOW
12613,0.000000,ALLOW
12614,0.000000,ALLOW
12615,0.000000,ALLOW
12616,0.000000,ALLOW
12617,0.000000,ALLOW
12618,0.000000,ALLOW
12619,0.000000,ALLOW
12620,0.000000,ALLOW
12621,0.000000,ALLOW
12622,0.000000,ALLOW
12623,0.000000,ALLOW
12624,0.000000,ALLOW
12625,0.000000,ALLOW
12626,0.000000,ALLOW
12627,0.000000,ALLOW
12628,0.000000,ALLOW
12629,0.000000,ALLOW
12630,0.000000,ALLOW
12631,0.000000,ALLOW
12632,0.000000,ALLOW
12633,0.000000,ALLOW
12634,0.000000,ALLOW
12635,0.000000,ALLOW
12636,0.000000,ALLOW
12637,0.000000,ALLOW
12638,0.000000,ALLOW
12639,0.000000,ALLOW
12640,0.000000,ALLOW
12641,0.000000,ALLOW
12642,0.000000,ALLOW
12643,0.000000,ALLOW
12644,0.000000,ALLOW
12645,0.000000,ALLOW
12646,0.000000,ALLOW
12647,0.000000,ALLOW
12648,0.000000,ALLOW
12649,0.000000,ALLOW
12650,0.000000,ALLOW
12651,0.000000,ALLOW
12652,0.000000,ALLOW
12653,0.000000,ALLOW
12654,0.000000,ALLOW
12655,0.000000,ALLOW
12656,0.000000,ALLOW
12657,0.000000,ALLOW
12658,0.000000,ALLOW
12659,0.000000,ALLOW
12660,0.000000,ALLOW
12661,0.000000,ALLOW
12662,0.000000,ALLOW
12663,0.000000,ALLOW
12664,0.000000,ALLOW
12665,0.000000,ALLOW
12666,0.000000,ALLOW
12667,0.000000,ALLOW
12668,0.000000,ALLOW
12669,0.000000,ALLOW
12670,0.000000,ALLOW
12671,0.000000,ALLOW
12672,0.000000,ALLOW
12673,0.000000,ALLOW
12674,0.000000,ALLOW
12675,0.000000,ALLOW
12676,0.000000,ALLOW
12677,0.000000,ALLOW
12678,0.000000,ALLOW
12679,0.000000,ALLOW
12680,0.000000,ALLOW
12681,0.000000,ALLOW
12682,0.000000,ALLOW
12683,0.000000,ALLOW
12684,0.000000,ALLOW
12685,0.000000,ALLOW
12686,0.000000,ALLOW
12687,0.000000,ALLOW
12688,0.000000,ALLOW
12689,0.000000,ALLOW
12690,0.000000,ALLOW
12691,0.000000,ALLOW
12692,0.000000,ALLOW
12693,0.000000,ALLOW
12694,0.000000,ALLOW
12695,0.000000,ALLOW
12696,0.000000,ALLOW
12697,0.000000,ALLOW
12698,0.000000,ALLOW
12699,0.000000,ALLOW
12700,0.000000,ALLOW
12701,0.000000,ALLOW
12702,0.000000,ALLOW
12703,0.000000,ALLOW
12704,0.000000,ALLOW
12705,0.000000,ALLOW
12706,0.000000,ALLOW
12707,0.000000,ALLOW
12708,0.000000,ALLOW
12709,0.000000,ALLOW
12710,0.000000,ALLOW
12711,0.000000,ALLOW
12712,0.000000,ALLOW
12713,0.000000,ALLOW
12714,0.000000,ALLOW
12715,0.000000,ALLOW
12716,0.000000,ALLOW
12717,0.000000,ALLOW
12718,0.000000,ALLOW
12719,0.000000,ALLOW
12720,0.000000,ALLOW
12721,0.000000,ALLOW
12722,0.000000,ALLOW
12723,0.000000,ALLOW
12724,0.000000,ALLOW
12725,0.000000,ALLOW
12726,0.000000,ALLOW
12727,0.000000,ALLOW
12728,0.000000,ALLOW
12729,0.000000,ALLOW
12730,0.000000,ALLOW
12731,0.000000,ALLOW
12732,0.000000,ALLOW
12733,0.000000,ALLOW
12734,0.000000,ALLOW
12735,0.000000,ALLOW
12736,0.000000,ALLOW
12737,0.000000,ALLOW
12738,0.000000,ALLOW
12739,0.000000,ALLOW
12740,0.000000,ALLOW
12741,0.000000,ALLOW
12742,0.000000,ALLOW
12743,0.000000,ALLOW
12744,0.000000,ALLOW
12745,0.000000,ALLOW
12746,0.000000,ALLOW
12747,0.000000,ALLOW
12748,0.000000,ALLOW
12749,0.000000,ALLOW
12750,0.000000,ALLOW
12751,0.000000,ALLOW
12752,0.000000,ALLOW
12753,0.000000,ALLOW
12754,0.000000,ALLOW
12755,0.000000,ALLOW
12756,0.000000,ALLOW
12757,0.000000,ALLOW
12758,0.000000,ALLOW
12759,0.000000,ALLOW
12760,0.000000,ALLOW
12761,0.000000,ALLOW
12762,0.000000,ALLOW
12763,0.000000,ALLOW
12764,0.000000,ALLOW
12765,0.000000,ALLOW
12766,0.000000,ALLOW
12767,0.000000,ALLOW
12768,0.000000,ALLOW
12769,0.000000,ALLOW
12770,0.000000,ALLOW
12771,0.000000,ALLOW
12772,0.000000,ALLOW
12773,0.000000,ALLOW
12774,0.000000,ALLOW
12775,0.000000,ALLOW
12776,0.000000,ALLOW
12777,0.000000,ALLOW
12778,0.000000,ALLOW
12779,0.000000,ALLOW
12780,0.000000,ALLOW
12781,0.000000,ALLOW
12782,0.000000,ALLOW
12783,0.000000,ALLOW
12784,0.000000,ALLOW
12785,0.000000,ALLOW
12786,0.000000,ALLOW
12787,0.000000,ALLOW
12788,0.000000,ALLOW
12789,0.000000,ALLOW
12790,0.000000,ALLOW
12791,0.000000,ALLOW
12792,0.000000,ALLOW
12793,0.000000,ALLOW
12794,0.000000,ALLOW
12795,0.000000,ALLOW
12796,0.000000,ALLOW
12797,0.000000,ALLOW
12798,0.000000,ALLOW
12799,0.000000,ALLOW
12800,0.000000,ALLOW
12801,0.000000,ALLOW
12802,0.000000,ALLOW
12803,0.000000,ALLOW
12804,0.000000,ALLOW
12805,0.000000,ALLOW
12806,0.000000,ALLOW
12807,0.000000,ALLOW
12808,0.000000,ALLOW
12809,0.000000,ALLOW
12810,0.000000,ALLOW
12811,0.000000,ALLOW
12812,0.000000,ALLOW
12813,0.000000,ALLOW
12814,0.000000,ALLOW
12815,0.000000,ALLOW
12816,0.000000,ALLOW
12817,0.000000,ALLOW
12818,0.000000,ALLOW
12819,0.000000,ALLOW
12820,0.000000,ALLOW
12821,0.000000,ALLOW
12822,0.000000,ALLOW
12823,0.000000,ALLOW
12824,0.000000,ALLOW
12825,0.000000,ALLOW
12826,0.000000,ALLOW
12827,0.000000,ALLOW
12828,0.000000,ALLOW
12829,0.000000,ALLOW
12830,0.000000,ALLOW
12831,0.000000,ALLOW
12832,0.000000,ALLOW
12833,0.000000,ALLOW
12834,0.000000,ALLOW
12835,0.000000,ALLOW
12836,0.000000,ALLOW
12837,0.000000,ALLOW
12838,0.000000,ALLOW
12839,0.000000,ALLOW
12840,0.000000,ALLOW
12841,0.000000,ALLOW
12842,0.000000,ALLOW
12843,0.000000,ALLOW
12844,0.000000,ALLOW
12845,0.000000,ALLOW
12846,0.000000,ALLOW
12847,0.000000,ALLOW
12848,0.000000,ALLOW
12849,0.000000,ALLOW
12850,0.000000,ALLOW
12851,0.000000,ALLOW
12852,0.000000,ALLOW
12853,0.000000,ALLOW
12854,0.000000,ALLOW
12855,0.000000,ALLOW
12856,0.000000,ALLOW
12857,0.000000,ALLOW
12858,0.000000,ALLOW
12859,0.000000,ALLOW
12860,0.000000,ALLOW
12861,0.000000,ALLOW
12862,0.000000,ALLOW
12863,0.000000,ALLOW
12864,0.000000,ALLOW
12865,0.000000,ALLOW
12866,0.000000,ALLOW
12867,0.000000,ALLOW
12868,0.000000,ALLOW
12869,0.000000,ALLOW
12870,0.000000,ALLOW
12871,0.000000,ALLOW
12872,0.000000,ALLOW
12873,0.000000,ALLOW
12874,0.000000,ALLOW
12875,0.000000,ALLOW
12876,0.000000,ALLOW
12877,0.000000,ALLOW
12878,0.000000,ALLOW
12879,0.000000,ALLOW
12880,0.000000,ALLOW
12881,0.000000,ALLOW
12882,0.000000,ALLOW
12883,0.000000,ALLOW
12884,0.000000,ALLOW
12885,0.000000,ALLOW
12886,0.000000,ALLOW
12887,0.000000,ALLOW
12888,0.000000,ALLOW
12889,0.000000,ALLOW
12890,0.000000,ALLOW
12891,0.000000,ALLOW
12892,0.000000,ALLOW
12893,0.000000,ALLOW
12894,0.000000,ALLOW
12895,0.000000,ALLOW
12896,0.000000,ALLOW
12897,0.000000,ALLOW
12898,0.000000,ALLOW
12899,0.000000,ALLOW
12900,0.000000,ALLOW
12901,0.000000,ALLOW
12902,0.000000,ALLOW
12903,0.000000,ALLOW
12904,0.000000,ALLOW
12905,0.000000,ALLOW
12906,0.000000,ALLOW
12907,0.000000,ALLOW
12908,0.000000,ALLOW
12909,0.000000,ALLOW
12910,0.000000,ALLOW
12911,0.000000,ALLOW
12912,0.000000,ALLOW
12913,0.000000,ALLOW
12914,0.000000,ALLOW
12915,0.000000,ALLOW
12916,0.000000,ALLOW
12917,0.000000,ALLOW
12918,0.000000,ALLOW
12919,0.000000,ALLOW
12920,0.000000,ALLOW
12921,0.000000,ALLOW
12922,0.000000,ALLOW
12923,0.000000,ALLOW
12924,0.000000,ALLOW
12925,0.000000,ALLOW
12926,0.000000,ALLOW
12927,0.000000,ALLOW
12928,0.000000,ALLOW
12929,0.000000,ALLOW
12930,0.000000,ALLOW
12931,0.000000,ALLOW
12932,0.000000,ALLOW
12933,0.000000,ALLOW
12934,0.000000,ALLOW
12935,0.000000,ALLOW
12936,0.000000,ALLOW
12937,0.000000,ALLOW
12938,0.000000,ALLOW
12939,0.000000,ALLOW
12940,0.000000,ALLOW
12941,0.000000,ALLOW
12942,0.000000,ALLOW
12943,0.000000,ALLOW
12944,0.000000,ALLOW
12945,0.000000,ALLOW
12946,0.000000,ALLOW
12947,0.000000,ALLOW
12948,0.000000,ALLOW
12949,0.000000,ALLOW
12950,0.000000,ALLOW
12951,0.000000,ALLOW
12952,0.000000,ALLOW
12953,0.000000,ALLOW
12954,0.000000,ALLOW
12955,0.000000,ALLOW
12956,0.000000,ALLOW
12957,0.000000,ALLOW
12958,0.000000,ALLOW
12959,0.000000,ALLOW
12960,0.000000,ALLOW
12961,0.000000,ALLOW
12962,0.000000,ALLOW
12963,0.000000,ALLOW
12964,0.000000,ALLOW
12965,0.000000,ALLOW
12966,0.000000,ALLOW
12967,162.166921,ALLOW
12968,145.950229,ALLOW
12969,131.355206,ALLOW
12970,118.219686,ALLOW
12971,106.397717,ALLOW
12972,95.757945,ALLOW
12973,86.182151,ALLOW
12974,77.563936,ALLOW
12975,69.807542,ALLOW
12976,62.826788,ALLOW
12977,56.544109,ALLOW
12978,50.889698,ALLOW
12979,45.800728,ALLOW
12980,41.220656,ALLOW
12981,46.189167,ALLOW
12982,41.570250,ALLOW
12983,37.413225,ALLOW
12984,33.671903,ALLOW
12985,30.304713,ALLOW
12986,27.274241,ALLOW
12987,24.546817,ALLOW
12988,22.092135,ALLOW
12989,19.882922,ALLOW
12990,17.894630,ALLOW
12991,16.105167,ALLOW
12992,14.494650,ALLOW
12993,13.045185,ALLOW
12994,11.740667,ALLOW
12995,10.566600,ALLOW
12996,9.509940,ALLOW
12997,8.558946,ALLOW
12998,7.703051,ALLOW
12999,6.932746,ALLOW
13000,6.239472,ALLOW
13001,5.615524,ALLOW
13002,5.053972,ALLOW
13003,4.548575,ALLOW
13004,4.093717,ALLOW
13005,3.684346,ALLOW
13006,3.315911,ALLOW
13007,2.984320,ALLOW
13008,2.685888,ALLOW
13009,2.417299,ALLOW
13010,2.175569,ALLOW
13011,1.958012,ALLOW
13012,1.762211,ALLOW
13013,1.585990,ALLOW
13014,1.427391,ALLOW
13015,1.284652,ALLOW
13016,1.156187,ALLOW
13017,1.040568,ALLOW
13018,0.936511,ALLOW
13019,0.842860,ALLOW
13020,0.758574,ALLOW
13021,0.682717,ALLOW
13022,0.614445,ALLOW
13023,0.553001,ALLOW
13024,0.497700,ALLOW
13025,0.447930,ALLOW
13026,0.403137,ALLOW
13027,0.362824,ALLOW
13028,0.326541,ALLOW
13029,0.293887,ALLOW
13030,0.264498,ALLOW
13031,0.238049,ALLOW
13032,0.214244,ALLOW
13033,0.192819,ALLOW
13034,0.173537,ALLOW
13035,0.156184,ALLOW
13036,0.140565,ALLOW
13037,0.126509,ALLOW
13038,0.113858,ALLOW
13039,0.102472,ALLOW
13040,0.092225,ALLOW
13041,0.083002,ALLOW
13042,0.074702,ALLOW
13043,0.067232,ALLOW
13044,0.060509,ALLOW
13045,0.054458,ALLOW
13046,0.049012,ALLOW
13047,0.044111,ALLOW
13048,0.039700,ALLOW
13049,0.035730,ALLOW
13050,0.032157,ALLOW
13051,0.028941,ALLOW
13052,0.026047,ALLOW
13053,0.023442,ALLOW
13054,0.021098,ALLOW
13055,0.018988,ALLOW
13056,0.017089,ALLOW
13057,0.015381,ALLOW
13058,0.013842,ALLOW
13059,0.012458,ALLOW
13060,0.011212,ALLOW
13061,0.010091,ALLOW
13062,0.009082,ALLOW
13063,0.008174,ALLOW
13064,0.007356,ALLOW
13065,0.006621,ALLOW
13066,0.005959,ALLOW
13067,0.005363,ALLOW
13068,0.004827,ALLOW
13069,0.004344,ALLOW
13070,0.003910,ALLOW
13071,0.003519,ALLOW
13072,0.003167,ALLOW
13073,0.002850,ALLOW
13074,0.002565,ALLOW
13075,0.002309,ALLOW
13076,0.002078,ALLOW
13077,0.001870,ALLOW
13078,0.001683,ALLOW
13079,0.001515,ALLOW
13080,0.001363,ALLOW
13081,0.001227,ALLOW
13082,0.001104,ALLOW
13083,0.000994,ALLOW
13084,0.000894,ALLOW
13085,0.000805,ALLOW
13086,0.000724,ALLOW
13087,0.000652,ALLOW
13088,0.000587,ALLOW
13089,11.194854,ALLOW
13090,10.075369,ALLOW
13091,9.067832,ALLOW
13092,8.161049,ALLOW
13093,7.344944,ALLOW
13094,6.610449,ALLOW
13095,5.949404,ALLOW
13096,5.354464,ALLOW
13097,4.819018,ALLOW
13098,4.337116,ALLOW
13099,3.903404,ALLOW
13100,3.513064,ALLOW
13101,3.161757,ALLOW
13102,2.845582,ALLOW
13103,2.561024,ALLOW
13104,2.304921,ALLOW
13105,2.074429,ALLOW
13106,1.866986,ALLOW
13107,1.680288,ALLOW
13108,1.512259,ALLOW
13109,1.361033,ALLOW
13110,1.224930,ALLOW
13111,1.102437,ALLOW
13112,0.992193,ALLOW
13113,0.892974,ALLOW
13114,0.803676,ALLOW
13115,0.723309,ALLOW
13116,0.650978,ALLOW
13117,0.585880,ALLOW
13118,0.527292,ALLOW
13119,0.474563,ALLOW
13120,0.427107,ALLOW
13121,0.384396,ALLOW
13122,0.345956,ALLOW
13123,0.311361,ALLOW
13124,0.280225,ALLOW
13125,0.252202,ALLOW
13126,0.226982,ALLOW
13127,0.204284,ALLOW
13128,0.183855,ALLOW
13129,0.165470,ALLOW
13130,0.148923,ALLOW
13131,0.134031,ALLOW
13132,0.120628,ALLOW
13133,0.108565,ALLOW
13134,0.097708,ALLOW
13135,0.087937,ALLOW
13136,0.079144,ALLOW
13137,0.071229,ALLOW
13138,0.064106,ALLOW
13139,0.057696,ALLOW
13140,0.051926,ALLOW
13141,0.046734,ALLOW
13142,0.042060,ALLOW
13143,0.037854,ALLOW
13144,0.034069,ALLOW
13145,0.030662,ALLOW
13146,0.027596,ALLOW
13147,0.024836,ALLOW
13148,0.022353,ALLOW
13149,0.020117,ALLOW
13150,0.018106,ALLOW
13151,0.016295,ALLOW
13152,0.014665,ALLOW
13153,0.013199,ALLOW
13154,0.011879,ALLOW
13155,0.010691,ALLOW
13156,0.009622,ALLOW
13157,0.008660,ALLOW
13158,0.007794,ALLOW
13159,0.007014,ALLOW
13160,0.006313,ALLOW
13161,0.005682,ALLOW
13162,0.005114,ALLOW
13163,0.004602,ALLOW
13164,0.004142,ALLOW
13165,0.003728,ALLOW
13166,0.003355,ALLOW
13167,0.003019,ALLOW
13168,0.002718,ALLOW
13169,0.002446,ALLOW
13170,0.002201,ALLOW
13171,0.001981,ALLOW
13172,0.001783,ALLOW
13173,0.001605,ALLOW
13174,0.001444,ALLOW
13175,0.001300,ALLOW
13176,0.001170,ALLOW
13177,0.001053,ALLOW
13178,0.000948,ALLOW
13179,0.000853,ALLOW
13180,0.000768,ALLOW
13181,0.000691,ALLOW
13182,0.000622,ALLOW
13183,0.000560,ALLOW
13184,0.000504,ALLOW
13185,0.000453,ALLOW
13186,0.000408,ALLOW
13187,0.000367,ALLOW
13188,0.000330,ALLOW
13189,0.000297,ALLOW
13190,0.000268,ALLOW
13191,0.000241,ALLOW
13192,0.000217,ALLOW
13193,0.000195,ALLOW
13194,0.000176,ALLOW
13195,0.000158,ALLOW
13196,0.000142,ALLOW
13197,0.000128,ALLOW
13198,0.000115,ALLOW
13199,0.000104,ALLOW
13200,0.000093,ALLOW
13201,0.000084,ALLOW
13202,0.000076,ALLOW
13203,0.000068,ALLOW
13204,0.000061,ALLOW
13205,0.000055,ALLOW
13206,0.000050,ALLOW
13207,0.000045,ALLOW
13208,0.000040,ALLOW
13209,0.000036,ALLOW
13210,0.000033,ALLOW
13211,0.000029,ALLOW
13212,0.000026,ALLOW
13213,0.000024,ALLOW
13214,0.000021,ALLOW
13215,0.000019,ALLOW
13216,0.000017,ALLOW
13217,0.000016,ALLOW
13218,0.000014,ALLOW
13219,0.000013,ALLOW
13220,0.000011,ALLOW
13221,0.000010,ALLOW
13222,0.000009,ALLOW
13223,0.000008,ALLOW
13224,0.000007,ALLOW
13225,0.000007,ALLOW
13226,0.000006,ALLOW
13227,0.000005,ALLOW
13228,0.000005,ALLOW
13229,0.000004,ALLOW
13230,0.000004,ALLOW
13231,0.000004,ALLOW
13232,0.000003,ALLOW
13233,0.000003,ALLOW
13234,0.000003,ALLOW
13235,0.000002,ALLOW
13236,0.000002,ALLOW
13237,0.000002,ALLOW
13238,0.000002,ALLOW
13239,0.000002,ALLOW
13240,0.000001,ALLOW
13241,0.000001,ALLOW
13242,0.000001,ALLOW
13243,0.000001,ALLOW
13244,0.000001,ALLOW
13245,0.000001,ALLOW
13246,0.000001,ALLOW
13247,0.000001,ALLOW
13248,0.000001,ALLOW
13249,0.000001,ALLOW
13250,0.000000,ALLOW
13251,0.000000,ALLOW
13252,0.000000,ALLOW
13253,0.000000,ALLOW
13254,0.000000,ALLOW
13255,0.000000,ALLOW
13256,0.000000,ALLOW
13257,0.000000,ALLOW
13258,0.000000,ALLOW
13259,0.000000,ALLOW
13260,0.000000,ALLOW
13261,0.000000,ALLOW
13262,0.000000,ALLOW
13263,0.000000,ALLOW
13264,0.000000,ALLOW
13265,0.000000,ALLOW
13266,0.000000,ALLOW
13267,0.000000,ALLOW
13268,0.000000,ALLOW
13269,0.000000,ALLOW
13270,0.000000,ALLOW
13271,0.000000,ALLOW
13272,0.000000,ALLOW
13273,0.000000,ALLOW
13274,0.000000,ALLOW
13275,0.000000,ALLOW
13276,0.000000,ALLOW
13277,0.000000,ALLOW
13278,0.000000,ALLOW
13279,0.000000,ALLOW
13280,0.000000,ALLOW
13281,0.000000,ALLOW
13282,0.000000,ALLOW
13283,0.000000,ALLOW
13284,0.000000,ALLOW
13285,0.000000,ALLOW
13286,0.000000,ALLOW
13287,0.000000,ALLOW
13288,0.000000,ALLOW
13289,0.000000,ALLOW
13290,0.000000,ALLOW
13291,0.000000,ALLOW
13292,0.000000,ALLOW
13293,0.000000,ALLOW
13294,0.000000,ALLOW
13295,0.000000,ALLOW
13296,0.000000,ALLOW
13297,0.000000,ALLOW
13298,0.000000,ALLOW
13299,0.000000,ALLOW
13300,0.000000,ALLOW
13301,0.000000,ALLOW
13302,0.000000,ALLOW
13303,0.000000,ALLOW
13304,0.000000,ALLOW
13305,0.000000,ALLOW
13306,0.000000,ALLOW
13307,0.000000,ALLOW
13308,0.000000,ALLOW
13309,0.000000,ALLOW
13310,0.000000,ALLOW
13311,0.000000,ALLOW
13312,0.000000,ALLOW
13313,0.000000,ALLOW
13314,0.000000,ALLOW
13315,0.000000,ALLOW
13316,0.000000,ALLOW
13317,0.000000,ALLOW
13318,0.000000,ALLOW
13319,0.000000,ALLOW
13320,0.000000,ALLOW
13321,0.000000,ALLOW
13322,0.000000,ALLOW
13323,0.000000,ALLOW
13324,0.000000,ALLOW
13325,0.000000,ALLOW
13326,0.000000,ALLOW
13327,0.000000,ALLOW
13328,0.000000,ALLOW
13329,0.000000,ALLOW
13330,0.000000,ALLOW
13331,0.000000,ALLOW
13332,0.000000,ALLOW
13333,0.000000,ALLOW
13334,0.000000,ALLOW
13335,0.000000,ALLOW
13336,0.000000,ALLOW
13337,0.000000,ALLOW
13338,0.000000,ALLOW
13339,0.000000,ALLOW
13340,0.000000,ALLOW
13341,0.000000,ALLOW
13342,0.000000,ALLOW
13343,0.000000,ALLOW
13344,0.000000,ALLOW
13345,0.000000,ALLOW
13346,0.000000,ALLOW
13347,0.000000,ALLOW
13348,0.000000,ALLOW
13349,0.000000,ALLOW
13350,0.000000,ALLOW
13351,0.000000,ALLOW
13352,0.000000,ALLOW
13353,0.000000,ALLOW
13354,0.000000,ALLOW
13355,0.000000,ALLOW
13356,0.000000,ALLOW
13357,0.000000,ALLOW
13358,0.000000,ALLOW
13359,0.000000,ALLOW
13360,0.000000,ALLOW
13361,0.000000,ALLOW
13362,0.000000,ALLOW
13363,0.000000,ALLOW
13364,0.000000,ALLOW
13365,0.000000,ALLOW
13366,0.000000,ALLOW
13367,0.000000,ALLOW
13368,0.000000,ALLOW
13369,0.000000,ALLOW
13370,0.000000,ALLOW
13371,0.000000,ALLOW
13372,0.000000,ALLOW
13373,0.000000,ALLOW
13374,0.000000,ALLOW
13375,0.000000,ALLOW
13376,0.000000,ALLOW
13377,0.000000,ALLOW
13378,0.000000,ALLOW
13379,0.000000,ALLOW
13380,0.000000,ALLOW
13381,0.000000,ALLOW
13382,0.000000,ALLOW
13383,0.000000,ALLOW
13384,0.000000,ALLOW
13385,0.000000,ALLOW
13386,0.000000,ALLOW
13387,0.000000,ALLOW
13388,0.000000,ALLOW
13389,0.000000,ALLOW
13390,0.000000,ALLOW
13391,0.000000,ALLOW
13392,0.000000,ALLOW
13393,0.000000,ALLOW
13394,0.000000,ALLOW
13395,0.000000,ALLOW
13396,0.000000,ALLOW
13397,0.000000,ALLOW
13398,0.000000,ALLOW
13399,0.000000,ALLOW
13400,0.000000,ALLOW
13401,0.000000,ALLOW
13402,0.000000,ALLOW
13403,0.000000,ALLOW
13404,0.000000,ALLOW
13405,0.000000,ALLOW
13406,0.000000,ALLOW
13407,0.000000,ALLOW
13408,0.000000,ALLOW
13409,0.000000,ALLOW
13410,0.000000,ALLOW
13411,0.000000,ALLOW
13412,0.000000,ALLOW
13413,0.000000,ALLOW
13414,0.000000,ALLOW
13415,0.000000,ALLOW
13416,0.000000,ALLOW
13417,0.000000,ALLOW
13418,0.000000,ALLOW
13419,0.000000,ALLOW
13420,0.000000,ALLOW
13421,0.000000,ALLOW
13422,0.000000,ALLOW
13423,0.000000,ALLOW
13424,0.000000,ALLOW
13425,0.000000,ALLOW
13426,0.000000,ALLOW
13427,0.000000,ALLOW
13428,0.000000,ALLOW
13429,0.000000,ALLOW
13430,0.000000,ALLOW
13431,0.000000,ALLOW
13432,0.000000,ALLOW
13433,0.000000,ALLOW
13434,0.000000,ALLOW
13435,0.000000,ALLOW
13436,0.000000,ALLOW
13437,0.000000,ALLOW
13438,0.000000,ALLOW
13439,0.000000,ALLOW
13440,0.000000,ALLOW
13441,0.000000,ALLOW
13442,0.000000,ALLOW
13443,0.000000,ALLOW
13444,0.000000,ALLOW
13445,0.000000,ALLOW
13446,0.000000,ALLOW
13447,0.000000,ALLOW
13448,0.000000,ALLOW
13449,0.000000,ALLOW
13450,0.000000,ALLOW
13451,0.000000,ALLOW
13452,0.000000,ALLOW
13453,0.000000,ALLOW
13454,0.000000,ALLOW
13455,0.000000,ALLOW
13456,0.000000,ALLOW
13457,0.000000,ALLOW
13458,0.000000,ALLOW
13459,0.000000,ALLOW
13460,0.000000,ALLOW
13461,0.000000,ALLOW
13462,0.000000,ALLOW
13463,0.000000,ALLOW
13464,0.000000,ALLOW
13465,0.000000,ALLOW
13466,0.000000,ALLOW
13467,0.000000,ALLOW
13468,0.000000,ALLOW
13469,0.000000,ALLOW
13470,0.000000,ALLOW
13471,0.000000,ALLOW
13472,0.000000,ALLOW
13473,0.000000,ALLOW
13474,0.000000,ALLOW
13475,0.000000,ALLOW
13476,0.000000,ALLOW
13477,0.000000,ALLOW
13478,0.000000,ALLOW
13479,0.000000,ALLOW
13480,0.000000,ALLOW
13481,0.000000,ALLOW
13482,0.000000,ALLOW
13483,0.000000,ALLOW
13484,0.000000,ALLOW
13485,0.000000,ALLOW
13486,0.000000,ALLOW
13487,0.000000,ALLOW
13488,0.000000,ALLOW
13489,0.000000,ALLOW
13490,0.000000,ALLOW
13491,0.000000,ALLOW
13492,0.000000,ALLOW
13493,0.000000,ALLOW
13494,0.000000,ALLOW
13495,0.000000,ALLOW
13496,0.000000,ALLOW
13497,0.000000,ALLOW
13498,0.000000,ALLOW
13499,0.000000,ALLOW
13500,0.000000,ALLOW
13501,0.000000,ALLOW
13502,0.000000,ALLOW
13503,0.000000,ALLOW
13504,0.000000,ALLOW
13505,0.000000,ALLOW
13506,0.000000,ALLOW
13507,0.000000,ALLOW
13508,0.000000,ALLOW
13509,0.000000,ALLOW
13510,0.000000,ALLOW
13511,0.000000,ALLOW
13512,0.000000,ALLOW
13513,0.000000,ALLOW
13514,0.000000,ALLOW
13515,0.000000,ALLOW
13516,0.000000,ALLOW
13517,0.000000,ALLOW
13518,0.000000,ALLOW
13519,0.000000,ALLOW
13520,0.000000,ALLOW
13521,0.000000,ALLOW
13522,0.000000,ALLOW
13523,0.000000,ALLOW
13524,0.000000,ALLOW
13525,0.000000,ALLOW
13526,0.000000,ALLOW
13527,0.000000,ALLOW
13528,0.000000,ALLOW
13529,0.000000,ALLOW
13530,0.000000,ALLOW
13531,0.000000,ALLOW
13532,0.000000,ALLOW
13533,0.000000,ALLOW
13534,0.000000,ALLOW
13535,0.000000,ALLOW
13536,0.000000,ALLOW
13537,0.000000,ALLOW
13538,0.000000,ALLOW
13539,0.000000,ALLOW
13540,0.000000,ALLOW
13541,0.000000,ALLOW
13542,0.000000,ALLOW
13543,0.000000,ALLOW
13544,0.000000,ALLOW
13545,0.000000,ALLOW
13546,0.000000,ALLOW
13547,0.000000,ALLOW
13548,0.000000,ALLOW
13549,0.000000,ALLOW
13550,0.000000,ALLOW
13551,0.000000,ALLOW
13552,0.000000,ALLOW
13553,0.000000,ALLOW
13554,0.000000,ALLOW
13555,0.000000,ALLOW
13556,0.000000,ALLOW
13557,0.000000,ALLOW
13558,0.000000,ALLOW
13559,0.000000,ALLOW
13560,0.000000,ALLOW
13561,0.000000,ALLOW
13562,0.000000,ALLOW
13563,0.000000,ALLOW
13564,0.000000,ALLOW
13565,0.000000,ALLOW
13566,0.000000,ALLOW
13567,0.000000,ALLOW
13568,0.000000,ALLOW
13569,0.000000,ALLOW
13570,0.000000,ALLOW
13571,0.000000,ALLOW
13572,0.000000,ALLOW
13573,0.000000,ALLOW
13574,0.000000,ALLOW
13575,0.000000,ALLOW
13576,0.000000,ALLOW
13577,0.000000,ALLOW
13578,0.000000,ALLOW
13579,0.000000,ALLOW
13580,0.000000,ALLOW
13581,0.000000,ALLOW
13582,0.000000,ALLOW
13583,0.000000,ALLOW
13584,0.000000,ALLOW
13585,0.000000,ALLOW
13586,0.000000,ALLOW
13587,0.000000,ALLOW
13588,0.000000,ALLOW
13589,0.000000,ALLOW
13590,0.000000,ALLOW
13591,0.000000,ALLOW
13592,0.000000,ALLOW
13593,0.000000,ALLOW
13594,0.000000,ALLOW
13595,0.000000,ALLOW
13596,0.000000,ALLOW
13597,0.000000,ALLOW
13598,0.000000,ALLOW
13599,0.000000,ALLOW
13600,0.000000,ALLOW
13601,0.000000,ALLOW
13602,0.000000,ALLOW
13603,0.000000,ALLOW
13604,0.000000,ALLOW
13605,0.000000,ALLOW
13606,0.000000,ALLOW
13607,0.000000,ALLOW
13608,0.000000,ALLOW
13609,0.000000,ALLOW
13610,0.000000,ALLOW
13611,0.000000,ALLOW
13612,0.000000,ALLOW
13613,0.000000,ALLOW
13614,0.000000,ALLOW
13615,0.000000,ALLOW
13616,0.000000,ALLOW
13617,0.000000,ALLOW
13618,0.000000,ALLOW
13619,0.000000,ALLOW
13620,0.000000,ALLOW
13621,0.000000,ALLOW
13622,0.000000,ALLOW
13623,0.000000,ALLOW
13624,0.000000,ALLOW
13625,0.000000,ALLOW
13626,0.000000,ALLOW
13627,0.000000,ALLOW
13628,0.000000,ALLOW
13629,0.000000,ALLOW
13630,0.000000,ALLOW
13631,0.000000,ALLOW
13632,0.000000,ALLOW
13633,0.000000,ALLOW
13634,0.000000,ALLOW
13635,0.000000,ALLOW
13636,0.000000,ALLOW
13637,0.000000,ALLOW
13638,0.000000,ALLOW
13639,0.000000,ALLOW
13640,0.000000,ALLOW
13641,0.000000,ALLOW
13642,0.000000,ALLOW
13643,0.000000,ALLOW
13644,0.000000,ALLOW
13645,0.000000,ALLOW
13646,0.000000,ALLOW
13647,0.000000,ALLOW
13648,0.000000,ALLOW
13649,0.000000,ALLOW
13650,0.000000,ALLOW
13651,0.000000,ALLOW
13652,0.000000,ALLOW
13653,0.000000,ALLOW
13654,0.000000,ALLOW
13655,0.000000,ALLOW
13656,0.000000,ALLOW
13657,0.000000,ALLOW
13658,0.000000,ALLOW
13659,0.000000,ALLOW
13660,0.000000,ALLOW
13661,0.000000,ALLOW
13662,0.000000,ALLOW
13663,0.000000,ALLOW
13664,0.000000,ALLOW
13665,0.000000,ALLOW
13666,0.000000,ALLOW
13667,0.000000,ALLOW
13668,0.000000,ALLOW
13669,0.000000,ALLOW
13670,0.000000,ALLOW
13671,0.000000,ALLOW
13672,0.000000,ALLOW
13673,0.000000,ALLOW
13674,0.000000,ALLOW
13675,0.000000,ALLOW
13676,0.000000,ALLOW
13677,0.000000,ALLOW
13678,0.000000,ALLOW
13679,0.000000,ALLOW
13680,0.000000,ALLOW
13681,0.000000,ALLOW
13682,0.000000,ALLOW
13683,0.000000,ALLOW
13684,0.000000,ALLOW
13685,0.000000,ALLOW
13686,0.000000,ALLOW
13687,0.000000,ALLOW
13688,0.000000,ALLOW
13689,0.000000,ALLOW
13690,0.000000,ALLOW
13691,0.000000,ALLOW
13692,0.000000,ALLOW
13693,0.000000,ALLOW
13694,0.000000,ALLOW
13695,0.000000,ALLOW
13696,0.000000,ALLOW
13697,0.000000,ALLOW
13698,0.000000,ALLOW
13699,0.000000,ALLOW
13700,0.000000,ALLOW
13701,0.000000,ALLOW
13702,0.000000,ALLOW
13703,0.000000,ALLOW
13704,0.000000,ALLOW
13705,0.000000,ALLOW
13706,0.000000,ALLOW
13707,0.000000,ALLOW
13708,0.000000,ALLOW
13709,0.000000,ALLOW
13710,0.000000,ALLOW
13711,0.000000,ALLOW
13712,0.000000,ALLOW
13713,0.000000,ALLOW
13714,0.000000,ALLOW
13715,0.000000,ALLOW
13716,0.000000,ALLOW
13717,0.000000,ALLOW
13718,0.000000,ALLOW
13719,0.000000,ALLOW
13720,0.000000,ALLOW
13721,0.000000,ALLOW
13722,0.000000,ALLOW
13723,0.000000,ALLOW
13724,0.000000,ALLOW
13725,0.000000,ALLOW
13726,0.000000,ALLOW
13727,0.000000,ALLOW
13728,0.000000,ALLOW
13729,0.000000,ALLOW
13730,0.000000,ALLOW
13731,0.000000,ALLOW
13732,0.000000,ALLOW
13733,0.000000,ALLOW
13734,0.000000,ALLOW
13735,0.000000,ALLOW
13736,0.000000,ALLOW
13737,0.000000,ALLOW
13738,0.000000,ALLOW
13739,0.000000,ALLOW
13740,0.000000,ALLOW
13741,0.000000,ALLOW
13742,0.000000,ALLOW
13743,0.000000,ALLOW
13744,0.000000,ALLOW
13745,0.000000,ALLOW
13746,0.000000,ALLOW
13747,0.000000,ALLOW
13748,0.000000,ALLOW
13749,0.000000,ALLOW
13750,0.000000,ALLOW
13751,0.000000,ALLOW
13752,0.000000,ALLOW
13753,0.000000,ALLOW
13754,0.000000,ALLOW
13755,0.000000,ALLOW
13756,0.000000,ALLOW
13757,0.000000,ALLOW
13758,0.000000,ALLOW
13759,0.000000,ALLOW
13760,0.000000,ALLOW
13761,0.000000,ALLOW
13762,0.000000,ALLOW
13763,0.000000,ALLOW
13764,0.000000,ALLOW
13765,0.000000,ALLOW
13766,0.000000,ALLOW
13767,0.000000,ALLOW
13768,0.000000,ALLOW
13769,0.000000,ALLOW
13770,0.000000,ALLOW
13771,0.000000,ALLOW
13772,0.000000,ALLOW
13773,0.000000,ALLOW
13774,0.000000,ALLOW
13775,0.000000,ALLOW
13776,0.000000,ALLOW
13777,0.000000,ALLOW
13778,0.000000,ALLOW
13779,0.000000,ALLOW
13780,0.000000,ALLOW
13781,0.000000,ALLOW
13782,0.000000,ALLOW
13783,0.000000,ALLOW
13784,0.000000,ALLOW
13785,0.000000,ALLOW
13786,0.000000,ALLOW
13787,0.000000,ALLOW
13788,0.000000,ALLOW
13789,0.000000,ALLOW
13790,0.000000,ALLOW
13791,0.000000,ALLOW
13792,0.000000,ALLOW
13793,0.000000,ALLOW
13794,0.000000,ALLOW
13795,0.000000,ALLOW
13796,0.000000,ALLOW
13797,0.000000,ALLOW
13798,0.000000,ALLOW
13799,0.000000,ALLOW
13800,0.000000,ALLOW
13801,0.000000,ALLOW
13802,0.000000,ALLOW
13803,0.000000,ALLOW
13804,0.000000,ALLOW
13805,0.000000,ALLOW
13806,0.000000,ALLOW
13807,0.000000,ALLOW
13808,0.000000,ALLOW
13809,0.000000,ALLOW
13810,0.000000,ALLOW
13811,0.000000,ALLOW
13812,0.000000,ALLOW
13813,0.000000,ALLOW
13814,0.000000,ALLOW
13815,0.000000,ALLOW
13816,0.000000,ALLOW
13817,0.000000,ALLOW
13818,0.000000,ALLOW
13819,0.000000,ALLOW
13820,0.000000,ALLOW
13821,0.000000,ALLOW
13822,0.000000,ALLOW
13823,0.000000,ALLOW
13824,0.000000,ALLOW
13825,0.000000,ALLOW
13826,0.000000,ALLOW
13827,0.000000,ALLOW
13828,0.000000,ALLOW
13829,0.000000,ALLOW
13830,0.000000,ALLOW
13831,0.000000,ALLOW
13832,0.000000,ALLOW
13833,0.000000,ALLOW
13834,0.000000,ALLOW
13835,0.000000,ALLOW
13836,0.000000,ALLOW
13837,0.000000,ALLOW
13838,0.000000,ALLOW
13839,0.000000,ALLOW
13840,0.000000,ALLOW
13841,0.000000,ALLOW
13842,0.000000,ALLOW
13843,0.000000,ALLOW
13844,0.000000,ALLOW
13845,0.000000,ALLOW
13846,0.000000,ALLOW
13847,0.000000,ALLOW
13848,0.000000,ALLOW
13849,0.000000,ALLOW
13850,0.000000,ALLOW
13851,0.000000,ALLOW
13852,0.000000,ALLOW
13853,0.000000,ALLOW
13854,0.000000,ALLOW
13855,0.000000,ALLOW
13856,0.000000,ALLOW
13857,0.000000,ALLOW
13858,0.000000,ALLOW
13859,0.000000,ALLOW
13860,0.000000,ALLOW
13861,0.000000,ALLOW
13862,0.000000,ALLOW
13863,0.000000,ALLOW
13864,0.000000,ALLOW
13865,0.000000,ALLOW
13866,0.000000,ALLOW
13867,0.000000,ALLOW
13868,0.000000,ALLOW
13869,0.000000,ALLOW
13870,0.000000,ALLOW
13871,0.000000,ALLOW
13872,0.000000,ALLOW
13873,0.000000,ALLOW
13874,0.000000,ALLOW
13875,0.000000,ALLOW
13876,0.000000,ALLOW
13877,0.000000,ALLOW
13878,0.000000,ALLOW
13879,0.000000,ALLOW
13880,0.000000,ALLOW
13881,0.000000,ALLOW
13882,0.000000,ALLOW
13883,0.000000,ALLOW
13884,0.000000,ALLOW
13885,0.000000,ALLOW
13886,0.000000,ALLOW
13887,0.000000,ALLOW
13888,0.000000,ALLOW
13889,0.000000,ALLOW
13890,0.000000,ALLOW
13891,0.000000,ALLOW
13892,0.000000,ALLOW
13893,0.000000,ALLOW
13894,0.000000,ALLOW
13895,0.000000,ALLOW
13896,0.000000,ALLOW
13897,0.000000,ALLOW
13898,0.000000,ALLOW
13899,0.000000,ALLOW
13900,0.000000,ALLOW
13901,0.000000,ALLOW
13902,0.000000,ALLOW
13903,0.000000,ALLOW
13904,0.000000,ALLOW
13905,0.000000,ALLOW
13906,0.000000,ALLOW
13907,0.000000,ALLOW
13908,0.000000,ALLOW
13909,0.000000,ALLOW
13910,0.000000,ALLOW
13911,0.000000,ALLOW
13912,0.000000,ALLOW
13913,0.000000,ALLOW
13914,0.000000,ALLOW
13915,0.000000,ALLOW
13916,0.000000,ALLOW
13917,0.000000,ALLOW
13918,0.000000,ALLOW
13919,0.000000,ALLOW
13920,0.000000,ALLOW
13921,0.000000,ALLOW
13922,0.000000,ALLOW
13923,0.000000,ALLOW
13924,0.000000,ALLOW
13925,0.000000,ALLOW
13926,0.000000,ALLOW
13927,0.000000,ALLOW
13928,0.000000,ALLOW
13929,0.000000,ALLOW
13930,0.000000,ALLOW
13931,0.000000,ALLOW
13932,0.000000,ALLOW
13933,0.000000,ALLOW
13934,0.000000,ALLOW
13935,0.000000,ALLOW
13936,0.000000,ALLOW
13937,0.000000,ALLOW
13938,0.000000,ALLOW
13939,0.000000,ALLOW
13940,0.000000,ALLOW
13941,0.000000,ALLOW
13942,0.000000,ALLOW
13943,0.000000,ALLOW
13944,0.000000,ALLOW
13945,0.000000,ALLOW
13946,0.000000,ALLOW
13947,0.000000,ALLOW
13948,0.000000,ALLOW
13949,0.000000,ALLOW
13950,0.000000,ALLOW
13951,0.000000,ALLOW
13952,0.000000,ALLOW
13953,0.000000,ALLOW
13954,0.000000,ALLOW
13955,0.000000,ALLOW
13956,0.000000,ALLOW
13957,0.000000,ALLOW
13958,0.000000,ALLOW
13959,0.000000,ALLOW
13960,0.000000,ALLOW
13961,0.000000,ALLOW
13962,0.000000,ALLOW
13963,0.000000,ALLOW
13964,0.000000,ALLOW
13965,0.000000,ALLOW
13966,0.000000,ALLOW
13967,0.000000,ALLOW
13968,0.000000,ALLOW
13969,0.000000,ALLOW
13970,0.000000,ALLOW
13971,0.000000,ALLOW
13972,0.000000,ALLOW
13973,0.000000,ALLOW
13974,0.000000,ALLOW
13975,0.000000,ALLOW
13976,0.000000,ALLOW
13977,0.000000,ALLOW
13978,0.000000,ALLOW
13979,0.000000,ALLOW
13980,0.000000,ALLOW
13981,0.000000,ALLOW
13982,0.000000,ALLOW
13983,0.000000,ALLOW
13984,0.000000,ALLOW
13985,0.000000,ALLOW
13986,0.000000,ALLOW
13987,0.000000,ALLOW
13988,0.000000,ALLOW
13989,0.000000,ALLOW
13990,0.000000,ALLOW
13991,0.000000,ALLOW
13992,0.000000,ALLOW
13993,0.000000,ALLOW
13994,0.000000,ALLOW
13995,0.000000,ALLOW
13996,0.000000,ALLOW
13997,0.000000,ALLOW
13998,0.000000,ALLOW
13999,0.000000,ALLOW
14000,0.000000,ALLOW
14001,0.000000,ALLOW
14002,0.000000,ALLOW
14003,0.000000,ALLOW
14004,0.000000,ALLOW
14005,0.000000,ALLOW
14006,0.000000,ALLOW
14007,0.000000,ALLOW
14008,0.000000,ALLOW
14009,0.000000,ALLOW
14010,0.000000,ALLOW
14011,0.000000,ALLOW
14012,0.000000,ALLOW
14013,0.000000,ALLOW
14014,0.000000,ALLOW
14015,0.000000,ALLOW
14016,0.000000,ALLOW
14017,0.000000,ALLOW
14018,0.000000,ALLOW
14019,0.000000,ALLOW
14020,0.000000,ALLOW
14021,0.000000,ALLOW
14022,0.000000,ALLOW
14023,0.000000,ALLOW
14024,0.000000,ALLOW
14025,0.000000,ALLOW
14026,0.000000,ALLOW
14027,0.000000,ALLOW
14028,0.000000,ALLOW
14029,0.000000,ALLOW
14030,0.000000,ALLOW
14031,0.000000,ALLOW
14032,0.000000,ALLOW
14033,0.000000,ALLOW
14034,0.000000,ALLOW
14035,324.436688,ALLOW
14036,291.993019,ALLOW
14037,262.793717,ALLOW
14038,236.514346,ALLOW
14039,212.862911,ALLOW
14040,191.576620,ALLOW
14041,172.418958,ALLOW
14042,155.177062,ALLOW
14043,139.659356,ALLOW
14044,125.693420,ALLOW
14045,113.124078,ALLOW
14046,101.811671,ALLOW
14047,91.630503,ALLOW
14048,82.467453,ALLOW
14049,74.220708,ALLOW
14050,66.798637,ALLOW
14051,60.118773,ALLOW
14052,54.106896,ALLOW
14053,48.696206,ALLOW
14054,43.826586,ALLOW
14055,39.443927,ALLOW
14056,35.499534,ALLOW
14057,31.949581,ALLOW
14058,28.754623,ALLOW
14059,25.879161,ALLOW
14060,23.291245,ALLOW
14061,20.962120,ALLOW
14062,18.865908,ALLOW
14063,16.979317,ALLOW
14064,15.281386,ALLOW
14065,13.753247,ALLOW
14066,12.377922,ALLOW
14067,11.140130,ALLOW
14068,10.026117,ALLOW
14069,9.023505,ALLOW
14070,8.121155,ALLOW
14071,7.309039,ALLOW
14072,6.578135,ALLOW
14073,5.920322,ALLOW
14074,5.328290,ALLOW
14075,4.795461,ALLOW
14076,4.315915,ALLOW
14077,3.884323,ALLOW
14078,3.495891,ALLOW
14079,3.146302,ALLOW
14080,2.831672,ALLOW
14081,2.548504,ALLOW
14082,2.293654,ALLOW
14083,2.064289,ALLOW
14084,1.857860,ALLOW
14085,1.672074,ALLOW
14086,1.504866,ALLOW
14087,1.354380,ALLOW
14088,1.218942,ALLOW
14089,1.097048,ALLOW
14090,0.987343,ALLOW
14091,0.888609,ALLOW
14092,0.799748,ALLOW
14093,0.719773,ALLOW
14094,0.647796,ALLOW
14095,0.583016,ALLOW
14096,0.524714,ALLOW
14097,0.472243,ALLOW
14098,0.425019,ALLOW
14099,0.382517,ALLOW
14100,0.344265,ALLOW
14101,0.309839,ALLOW
14102,0.278855,ALLOW
14103,0.250969,ALLOW
14104,0.225872,ALLOW
14105,12.476406,ALLOW
14106,11.228765,ALLOW
14107,10.105889,ALLOW
14108,9.095300,ALLOW
14109,8.185770,ALLOW
14110,7.367193,ALLOW
14111,6.630474,ALLOW
14112,5.967426,ALLOW
14113,5.370684,ALLOW
14114,4.833615,ALLOW
14115,6.268740,ALLOW
14116,5.641866,ALLOW
14117,5.077680,ALLOW
14118,4.569912,ALLOW
14119,4.112920,ALLOW
14120,3.701628,ALLOW
14121,3.331466,ALLOW
14122,2.998319,ALLOW
14123,2.698487,ALLOW
14124,2.428638,ALLOW
14125,2.185775,ALLOW
14126,1.967197,ALLOW
14127,1.770477,ALLOW
14128,1.593430,ALLOW
14129,1.434087,ALLOW
14130,1.290678,ALLOW
14131,1.161610,ALLOW
14132,1.045449,ALLOW
14133,0.940904,ALLOW
14134,0.846814,ALLOW
14135,0.762132,ALLOW
14136,0.685919,ALLOW
14137,0.617327,ALLOW
14138,0.555595,ALLOW
14139,0.500035,ALLOW
14140,0.450032,ALLOW
14141,0.405028,ALLOW
14142,0.364526,ALLOW
14143,0.328073,ALLOW
14144,0.295266,ALLOW
14145,0.265739,ALLOW
14146,0.239165,ALLOW
14147,0.215249,ALLOW
14148,0.193724,ALLOW
14149,0.174351,ALLOW
14150,0.156916,ALLOW
14151,0.141225,ALLOW
14152,0.127102,ALLOW
14153,0.114392,ALLOW
14154,0.102953,ALLOW
14155,0.092658,ALLOW
14156,0.083392,ALLOW
14157,0.075053,ALLOW
14158,0.067547,ALLOW
14159,0.060793,ALLOW
14160,0.054713,ALLOW
14161,0.049242,ALLOW
14162,0.044318,ALLOW
14163,0.039886,ALLOW
14164,0.035897,ALLOW
14165,0.032308,ALLOW
14166,0.029077,ALLOW
14167,0.026169,ALLOW
14168,0.023552,ALLOW
14169,0.021197,ALLOW
14170,0.019077,ALLOW
14171,0.017170,ALLOW
14172,0.015453,ALLOW
14173,0.013907,ALLOW
14174,0.012517,ALLOW
14175,0.011265,ALLOW
14176,0.010138,ALLOW
14177,0.009125,ALLOW
14178,0.008212,ALLOW
14179,0.007391,ALLOW
14180,0.006652,ALLOW
14181,0.005987,ALLOW
14182,0.005388,ALLOW
14183,0.004849,ALLOW
14184,0.004364,ALLOW
14185,0.003928,ALLOW
14186,0.003535,ALLOW
14187,0.003182,ALLOW
14188,0.002863,ALLOW
14189,0.002577,ALLOW
14190,0.002319,ALLOW
14191,0.002087,ALLOW
14192,0.001879,ALLOW
14193,0.001691,ALLOW
14194,0.001522,ALLOW
14195,0.001370,ALLOW
14196,0.001233,ALLOW
14197,0.001109,ALLOW
14198,0.000998,ALLOW
14199,0.000899,ALLOW
14200,0.000809,ALLOW
14201,0.000728,ALLOW
14202,0.000655,ALLOW
14203,0.000590,ALLOW
14204,0.000531,ALLOW
14205,0.000478,ALLOW
14206,0.000430,ALLOW
14207,0.000387,ALLOW
14208,0.000348,ALLOW
14209,0.000313,ALLOW
14210,0.000282,ALLOW
14211,0.000254,ALLOW
14212,0.000228,ALLOW
14213,0.000206,ALLOW
14214,0.000185,ALLOW
14215,0.000167,ALLOW
14216,0.000150,ALLOW
14217,0.000135,ALLOW
14218,0.000121,ALLOW
14219,0.000109,ALLOW
14220,0.000098,ALLOW
14221,0.000088,ALLOW
14222,0.000080,ALLOW
14223,0.000072,ALLOW
14224,0.000065,ALLOW
14225,0.000058,ALLOW
14226,0.000052,ALLOW
14227,0.000047,ALLOW
14228,0.000042,ALLOW
14229,0.000038,ALLOW
14230,0.000034,ALLOW
14231,0.000031,ALLOW
14232,0.000028,ALLOW
14233,0.000025,ALLOW
14234,0.000022,ALLOW
14235,0.000020,ALLOW
14236,0.000018,ALLOW
14237,0.000016,ALLOW
14238,0.000015,ALLOW
14239,0.000013,ALLOW
14240,0.000012,ALLOW
14241,0.000011,ALLOW
14242,0.000010,ALLOW
14243,0.000009,ALLOW
14244,0.000008,ALLOW
14245,0.000007,ALLOW
14246,0.000006,ALLOW
14247,0.000006,ALLOW
14248,0.000005,ALLOW
14249,0.000005,ALLOW
14250,0.000004,ALLOW
14251,0.000004,ALLOW
14252,0.000003,ALLOW
14253,0.000003,ALLOW
14254,0.000003,ALLOW
14255,0.000002,ALLOW
14256,0.000002,ALLOW
14257,0.000002,ALLOW
14258,0.000002,ALLOW
14259,0.000002,ALLOW
14260,0.000001,ALLOW
14261,0.000001,ALLOW
14262,0.000001,ALLOW
14263,0.000001,ALLOW
14264,0.000001,ALLOW
14265,0.000001,ALLOW
14266,0.000001,ALLOW
14267,0.000001,ALLOW
14268,0.000001,ALLOW
14269,0.000001,ALLOW
14270,0.000001,ALLOW
14271,0.000000,ALLOW
14272,0.000000,ALLOW
14273,0.000000,ALLOW
14274,0.000000,ALLOW
14275,0.000000,ALLOW
14276,0.000000,ALLOW
14277,0.000000,ALLOW
14278,0.000000,ALLOW
14279,0.000000,ALLOW
14280,0.000000,ALLOW
14281,0.000000,ALLOW
14282,0.000000,ALLOW
14283,0.000000,ALLOW
14284,0.000000,ALLOW
14285,0.000000,ALLOW
14286,0.000000,ALLOW
14287,0.000000,ALLOW
14288,0.000000,ALLOW
14289,0.000000,ALLOW
14290,0.000000,ALLOW
14291,0.000000,ALLOW
14292,0.000000,ALLOW
14293,0.000000,ALLOW
14294,0.000000,ALLOW
14295,0.000000,ALLOW
14296,0.000000,ALLOW
14297,0.000000,ALLOW
14298,0.000000,ALLOW
14299,0.000000,ALLOW
14300,0.000000,ALLOW
14301,0.000000,ALLOW
14302,0.000000,ALLOW
14303,0.000000,ALLOW
14304,0.000000,ALLOW
14305,0.000000,ALLOW
14306,0.000000,ALLOW
14307,0.000000,ALLOW
14308,0.000000,ALLOW
14309,0.000000,ALLOW
14310,0.000000,ALLOW
14311,0.000000,ALLOW
14312,0.000000,ALLOW
14313,0.000000,ALLOW
14314,0.000000,ALLOW
14315,0.000000,ALLOW
14316,0.000000,ALLOW
14317,0.000000,ALLOW
14318,0.000000,ALLOW
14319,0.000000,ALLOW
14320,0.000000,ALLOW
14321,0.000000,ALLOW
14322,0.000000,ALLOW
14323,0.000000,ALLOW
14324,0.000000,ALLOW
14325,0.000000,ALLOW
14326,0.000000,ALLOW
14327,0.000000,ALLOW
14328,0.000000,ALLOW
14329,0.000000,ALLOW
14330,0.000000,ALLOW
14331,0.000000,ALLOW
14332,0.000000,ALLOW
14333,0.000000,ALLOW
14334,0.000000,ALLOW
14335,0.000000,ALLOW
14336,0.000000,ALLOW
14337,0.000000,ALLOW
14338,0.000000,ALLOW
14339,0.000000,ALLOW
14340,0.000000,ALLOW
14341,0.000000,ALLOW
14342,0.000000,ALLOW
14343,0.000000,ALLOW
14344,0.000000,ALLOW
14345,0.000000,ALLOW
14346,0.000000,ALLOW
14347,0.000000,ALLOW
14348,0.000000,ALLOW
14349,0.000000,ALLOW
14350,0.000000,ALLOW
14351,0.000000,ALLOW
14352,0.000000,ALLOW
14353,0.000000,ALLOW
14354,0.000000,ALLOW
14355,0.000000,ALLOW
14356,0.000000,ALLOW
14357,0.000000,ALLOW
14358,0.000000,ALLOW
14359,0.000000,ALLOW
14360,0.000000,ALLOW
14361,0.000000,ALLOW
14362,0.000000,ALLOW
14363,0.000000,ALLOW
14364,0.000000,ALLOW
14365,0.000000,ALLOW
14366,0.000000,ALLOW
14367,0.000000,ALLOW
14368,0.000000,ALLOW
14369,0.000000,ALLOW
14370,0.000000,ALLOW
14371,0.000000,ALLOW
14372,0.000000,ALLOW
14373,0.000000,ALLOW
14374,0.000000,ALLOW
14375,0.000000,ALLOW
14376,0.000000,ALLOW
14377,0.000000,ALLOW
14378,0.000000,ALLOW
14379,0.000000,ALLOW
14380,0.000000,ALLOW
14381,0.000000,ALLOW
14382,0.000000,ALLOW
14383,0.000000,ALLOW
14384,0.000000,ALLOW
14385,50.097719,ALLOW
14386,45.087947,ALLOW
14387,40.579152,ALLOW
14388,36.521237,ALLOW
14389,32.869113,ALLOW
14390,29.582202,ALLOW
14391,26.623982,ALLOW
14392,23.961584,ALLOW
14393,21.565425,ALLOW
14394,19.408883,ALLOW
14395,17.467995,ALLOW
14396,15.721195,ALLOW
14397,14.149076,ALLOW
14398,12.734168,ALLOW
14399,11.460751,ALLOW
14400,10.314676,ALLOW
14401,9.283208,ALLOW
14402,8.354888,ALLOW
14403,7.519399,ALLOW
14404,6.767459,ALLOW
14405,6.090713,ALLOW
14406,5.481642,ALLOW
14407,4.933478,ALLOW
14408,4.440130,ALLOW
14409,3.996117,ALLOW
14410,3.596505,ALLOW
14411,3.236855,ALLOW
14412,2.913169,ALLOW
14413,2.621852,ALLOW
14414,2.359667,ALLOW
14415,2.123700,ALLOW
14416,1.911330,ALLOW
14417,1.720197,ALLOW
14418,1.548178,ALLOW
14419,1.393360,ALLOW
14420,1.254024,ALLOW
14421,1.128621,ALLOW
14422,1.015759,ALLOW
14423,0.914183,ALLOW
14424,0.822765,ALLOW
14425,0.740489,ALLOW
14426,0.666440,ALLOW
14427,0.599796,ALLOW
14428,0.539816,ALLOW
14429,0.485835,ALLOW
14430,0.437251,ALLOW
14431,0.393526,ALLOW
14432,0.354173,ALLOW
14433,0.318756,ALLOW
14434,0.286880,ALLOW
14435,0.258192,ALLOW
14436,0.232373,ALLOW
14437,0.209136,ALLOW
14438,0.188222,ALLOW
14439,0.169400,ALLOW
14440,0.152460,ALLOW
14441,0.137214,ALLOW
14442,0.123493,ALLOW
14443,0.111143,ALLOW
14444,0.100029,ALLOW
14445,0.090026,ALLOW
14446,0.081024,ALLOW
14447,0.072921,ALLOW
14448,0.065629,ALLOW
14449,0.059066,ALLOW
14450,0.053160,ALLOW
14451,0.047844,ALLOW
14452,0.043059,ALLOW
14453,0.038753,ALLOW
14454,0.034878,ALLOW
14455,0.031390,ALLOW
14456,0.028251,ALLOW
14457,0.025426,ALLOW
14458,0.022883,ALLOW
14459,0.020595,ALLOW
14460,0.018536,ALLOW
14461,0.016682,ALLOW
14462,0.015014,ALLOW
14463,0.013512,ALLOW
14464,0.012161,ALLOW
14465,0.010945,ALLOW
14466,0.009851,ALLOW
14467,0.008866,ALLOW
14468,0.007979,ALLOW
14469,0.007181,ALLOW
14470,0.006463,ALLOW
14471,0.005817,ALLOW
14472,0.005235,ALLOW
14473,0.004711,ALLOW
14474,0.004240,ALLOW
14475,0.003816,ALLOW
14476,0.003435,ALLOW
14477,0.003091,ALLOW
14478,0.002782,ALLOW
14479,0.002504,ALLOW
14480,0.002253,ALLOW
14481,0.002028,ALLOW
14482,0.001825,ALLOW
14483,0.001643,ALLOW
14484,0.001479,ALLOW
14485,0.001331,ALLOW
14486,0.001198,ALLOW
14487,0.001078,ALLOW
14488,0.000970,ALLOW
14489,0.000873,ALLOW
14490,0.000786,ALLOW
14491,0.000707,ALLOW
14492,0.000636,ALLOW
14493,0.000573,ALLOW
14494,0.000516,ALLOW
14495,0.000464,ALLOW
14496,0.000418,ALLOW
14497,0.000376,ALLOW
14498,0.000338,ALLOW
14499,0.000304,ALLOW
14500,0.000274,ALLOW
14501,0.000247,ALLOW
14502,0.000222,ALLOW
14503,0.000200,ALLOW
14504,0.000180,ALLOW
14505,0.000162,ALLOW
14506,0.000146,ALLOW
14507,0.000131,ALLOW
14508,0.000118,ALLOW
14509,0.000106,ALLOW
14510,0.000096,ALLOW
14511,0.000086,ALLOW
14512,0.000077,ALLOW
14513,0.000070,ALLOW
14514,0.000063,ALLOW
14515,0.000056,ALLOW
14516,0.000051,ALLOW
14517,0.000046,ALLOW
14518,0.000041,ALLOW
14519,0.000037,ALLOW
14520,0.000033,ALLOW
14521,0.000030,ALLOW
14522,0.000027,ALLOW
14523,0.000024,ALLOW
14524,0.000022,ALLOW
14525,0.000020,ALLOW
14526,0.000018,ALLOW
14527,0.000016,ALLOW
14528,0.000014,ALLOW
14529,0.000013,ALLOW
14530,0.000012,ALLOW
14531,0.000010,ALLOW
14532,0.000009,ALLOW
14533,0.000008,ALLOW
14534,0.000008,ALLOW
14535,0.000007,ALLOW
14536,0.000006,ALLOW
14537,0.000006,ALLOW
14538,0.000005,ALLOW
14539,0.000004,ALLOW
14540,0.000004,ALLOW
14541,0.000004,ALLOW
14542,0.000003,ALLOW
14543,0.000003,ALLOW
14544,0.000003,ALLOW
14545,0.000002,ALLOW
14546,0.000002,ALLOW
14547,0.000002,ALLOW
14548,0.000002,ALLOW
14549,0.000002,ALLOW
14550,0.000001,ALLOW
14551,0.000001,ALLOW
14552,0.000001,ALLOW
14553,0.000001,ALLOW
14554,0.000001,ALLOW
14555,0.000001,ALLOW
14556,0.000001,ALLOW
14557,0.000001,ALLOW
14558,0.000001,ALLOW
14559,0.000001,ALLOW
14560,0.000000,ALLOW
14561,0.000000,ALLOW
14562,0.000000,ALLOW
14563,0.000000,ALLOW
14564,0.000000,ALLOW
14565,0.000000,ALLOW
14566,0.000000,ALLOW
14567,0.000000,ALLOW
14568,0.000000,ALLOW
14569,0.000000,ALLOW
14570,0.000000,ALLOW
14571,0.000000,ALLOW
14572,0.000000,ALLOW
14573,0.000000,ALLOW
14574,0.000000,ALLOW
14575,0.000000,ALLOW
14576,0.000000,ALLOW
14577,0.000000,ALLOW
14578,0.000000,ALLOW
14579,0.000000,ALLOW
14580,0.000000,ALLOW
14581,0.000000,ALLOW
14582,0.000000,ALLOW
14583,0.000000,ALLOW
14584,0.000000,ALLOW
14585,0.000000,ALLOW
14586,0.000000,ALLOW
14587,0.000000,ALLOW
14588,0.000000,ALLOW
14589,0.000000,ALLOW
14590,0.000000,ALLOW
14591,0.000000,ALLOW
14592,0.000000,ALLOW
14593,0.000000,ALLOW
14594,0.000000,ALLOW
14595,0.000000,ALLOW
14596,0.000000,ALLOW
14597,0.000000,ALLOW
14598,0.000000,ALLOW
14599,0.000000,ALLOW
14600,0.000000,ALLOW
14601,0.000000,ALLOW
14602,0.000000,ALLOW
14603,0.000000,ALLOW
14604,0.000000,ALLOW
14605,0.000000,ALLOW
14606,0.000000,ALLOW
14607,0.000000,ALLOW
14608,0.000000,ALLOW
14609,0.000000,ALLOW
14610,0.000000,ALLOW
14611,0.000000,ALLOW
14612,0.000000,ALLOW
14613,0.000000,ALLOW
14614,0.000000,ALLOW
14615,0.000000,ALLOW
14616,0.000000,ALLOW
14617,0.000000,ALLOW
14618,0.000000,ALLOW
14619,0.000000,ALLOW
14620,0.000000,ALLOW
14621,0.000000,ALLOW
14622,0.000000,ALLOW
14623,0.000000,ALLOW
14624,0.000000,ALLOW
14625,0.000000,ALLOW
14626,0.000000,ALLOW
14627,0.000000,ALLOW
14628,0.000000,ALLOW
14629,0.000000,ALLOW
14630,0.000000,ALLOW
14631,0.000000,ALLOW
14632,0.000000,ALLOW
14633,0.000000,ALLOW
14634,0.000000,ALLOW
14635,0.000000,ALLOW
14636,0.000000,ALLOW
14637,0.000000,ALLOW
14638,0.000000,ALLOW
14639,0.000000,ALLOW
14640,0.000000,ALLOW
14641,0.000000,ALLOW
14642,0.000000,ALLOW
14643,0.000000,ALLOW
14644,0.000000,ALLOW
14645,0.000000,ALLOW
14646,0.000000,ALLOW
14647,0.000000,ALLOW
14648,0.000000,ALLOW
14649,0.000000,ALLOW
14650,0.000000,ALLOW
14651,0.000000,ALLOW
14652,0.000000,ALLOW
14653,0.000000,ALLOW
14654,0.000000,ALLOW
14655,0.000000,ALLOW
14656,0.000000,ALLOW
14657,0.000000,ALLOW
14658,0.000000,ALLOW
14659,0.000000,ALLOW
14660,0.000000,ALLOW
14661,0.000000,ALLOW
14662,0.000000,ALLOW
14663,0.000000,ALLOW
14664,0.000000,ALLOW
14665,0.000000,ALLOW
14666,0.000000,ALLOW
14667,0.000000,ALLOW
14668,0.000000,ALLOW
14669,0.000000,ALLOW
14670,0.000000,ALLOW
14671,0.000000,ALLOW
14672,0.000000,ALLOW
14673,0.000000,ALLOW
14674,0.000000,ALLOW
14675,0.000000,ALLOW
14676,0.000000,ALLOW
14677,0.000000,ALLOW
14678,0.000000,ALLOW
14679,0.000000,ALLOW
14680,0.000000,ALLOW
14681,0.000000,ALLOW
14682,0.000000,ALLOW
14683,0.000000,ALLOW
14684,0.000000,ALLOW
14685,0.000000,ALLOW
14686,0.000000,ALLOW
14687,0.000000,ALLOW
14688,0.000000,ALLOW
14689,0.000000,ALLOW
14690,0.000000,ALLOW
14691,0.000000,ALLOW
14692,0.000000,ALLOW
14693,0.000000,ALLOW
14694,0.000000,ALLOW
14695,0.000000,ALLOW
14696,0.000000,ALLOW
14697,0.000000,ALLOW
14698,0.000000,ALLOW
14699,0.000000,ALLOW
14700,0.000000,ALLOW
14701,0.000000,ALLOW
14702,0.000000,ALLOW
14703,0.000000,ALLOW
14704,0.000000,ALLOW
14705,0.000000,ALLOW
14706,0.000000,ALLOW
14707,0.000000,ALLOW
14708,0.000000,ALLOW
14709,0.000000,ALLOW
14710,0.000000,ALLOW
14711,0.000000,ALLOW
14712,0.000000,ALLOW
14713,0.000000,ALLOW
14714,0.000000,ALLOW
14715,0.000000,ALLOW
14716,0.000000,ALLOW
14717,0.000000,ALLOW
14718,0.000000,ALLOW
14719,0.000000,ALLOW
14720,0.000000,ALLOW
14721,0.000000,ALLOW
14722,0.000000,ALLOW
14723,0.000000,ALLOW
14724,0.000000,ALLOW
14725,0.000000,ALLOW
14726,0.000000,ALLOW
14727,0.000000,ALLOW
14728,0.000000,ALLOW
14729,0.000000,ALLOW
14730,0.000000,ALLOW
14731,0.000000,ALLOW
14732,0.000000,ALLOW
14733,0.000000,ALLOW
14734,0.000000,ALLOW
14735,0.000000,ALLOW
14736,0.000000,ALLOW
14737,0.000000,ALLOW
14738,0.000000,ALLOW
14739,0.000000,ALLOW
14740,0.000000,ALLOW
14741,0.000000,ALLOW
14742,0.000000,ALLOW
14743,0.000000,ALLOW
14744,0.000000,ALLOW
14745,0.000000,ALLOW
14746,0.000000,ALLOW
14747,0.000000,ALLOW
14748,0.000000,ALLOW
14749,0.000000,ALLOW
14750,0.000000,ALLOW
14751,0.000000,ALLOW
14752,0.000000,ALLOW
14753,0.000000,ALLOW
14754,0.000000,ALLOW
14755,0.000000,ALLOW
14756,0.000000,ALLOW
14757,0.000000,ALLOW
14758,0.000000,ALLOW
14759,0.000000,ALLOW
14760,0.000000,ALLOW
14761,0.000000,ALLOW
14762,0.000000,ALLOW
14763,0.000000,ALLOW
14764,0.000000,ALLOW
14765,0.000000,ALLOW
14766,0.000000,ALLOW
14767,0.000000,ALLOW
14768,0.000000,ALLOW
14769,0.000000,ALLOW
14770,0.000000,ALLOW
14771,0.000000,ALLOW
14772,0.000000,ALLOW
14773,0.000000,ALLOW
14774,0.000000,ALLOW
14775,0.000000,ALLOW
14776,0.000000,ALLOW
14777,0.000000,ALLOW
14778,0.000000,ALLOW
14779,0.000000,ALLOW
14780,0.000000,ALLOW
14781,0.000000,ALLOW
14782,0.000000,ALLOW
14783,0.000000,ALLOW
14784,0.000000,ALLOW
14785,0.000000,ALLOW
14786,0.000000,ALLOW
14787,0.000000,ALLOW
14788,0.000000,ALLOW
14789,0.000000,ALLOW
14790,0.000000,ALLOW
14791,0.000000,ALLOW
14792,0.000000,ALLOW
14793,0.000000,ALLOW
14794,0.000000,ALLOW
14795,0.000000,ALLOW
14796,0.000000,ALLOW
14797,0.000000,ALLOW
14798,0.000000,ALLOW
14799,0.000000,ALLOW
14800,0.000000,ALLOW
14801,0.000000,ALLOW
14802,0.000000,ALLOW
14803,0.000000,ALLOW
14804,0.000000,ALLOW
14805,0.000000,ALLOW
14806,0.000000,ALLOW
14807,0.000000,ALLOW
14808,0.000000,ALLOW
14809,0.000000,ALLOW
14810,0.000000,ALLOW
14811,0.000000,ALLOW
14812,0.000000,ALLOW
14813,0.000000,ALLOW
14814,0.000000,ALLOW
14815,0.000000,ALLOW
14816,0.000000,ALLOW
14817,0.000000,ALLOW
14818,0.000000,ALLOW
14819,0.000000,ALLOW
14820,0.000000,ALLOW
14821,0.000000,ALLOW
14822,0.000000,ALLOW
14823,0.000000,ALLOW
14824,0.000000,ALLOW
14825,0.000000,ALLOW
14826,0.000000,ALLOW
14827,0.000000,ALLOW
14828,0.000000,ALLOW
14829,0.000000,ALLOW
14830,0.000000,ALLOW
14831,0.000000,ALLOW
14832,0.000000,ALLOW
14833,0.000000,ALLOW
14834,0.000000,ALLOW
14835,0.000000,ALLOW
14836,0.000000,ALLOW
14837,0.000000,ALLOW
14838,0.000000,ALLOW
14839,0.000000,ALLOW
14840,0.000000,ALLOW
14841,0.000000,ALLOW
14842,0.000000,ALLOW
14843,0.000000,ALLOW
14844,0.000000,ALLOW
14845,0.000000,ALLOW
14846,0.000000,ALLOW
14847,0.000000,ALLOW
14848,0.000000,ALLOW
14849,0.000000,ALLOW
14850,0.000000,ALLOW
14851,0.000000,ALLOW
14852,0.000000,ALLOW
14853,0.000000,ALLOW
14854,0.000000,ALLOW
14855,0.000000,ALLOW
14856,0.000000,ALLOW
14857,0.000000,ALLOW
14858,0.000000,ALLOW
14859,0.000000,ALLOW
14860,0.000000,ALLOW
14861,0.000000,ALLOW
14862,0.000000,ALLOW
14863,0.000000,ALLOW
14864,0.000000,ALLOW
14865,0.000000,ALLOW
14866,0.000000,ALLOW
14867,0.000000,ALLOW
14868,0.000000,ALLOW
14869,0.000000,ALLOW
14870,0.000000,ALLOW
14871,0.000000,ALLOW
14872,0.000000,ALLOW
14873,0.000000,ALLOW
14874,0.000000,ALLOW
14875,0.000000,ALLOW
14876,0.000000,ALLOW
14877,0.000000,ALLOW
14878,0.000000,ALLOW
14879,0.000000,ALLOW
14880,0.000000,ALLOW
14881,0.000000,ALLOW
14882,0.000000,ALLOW
14883,0.000000,ALLOW
14884,0.000000,ALLOW
14885,0.000000,ALLOW
14886,0.000000,ALLOW
14887,0.000000,ALLOW
14888,0.000000,ALLOW
14889,0.000000,ALLOW
14890,0.000000,ALLOW
14891,0.000000,ALLOW
14892,0.000000,ALLOW
14893,0.000000,ALLOW
14894,0.000000,ALLOW
14895,0.000000,ALLOW
14896,0.000000,ALLOW
14897,0.000000,ALLOW
14898,0.000000,ALLOW
14899,0.000000,ALLOW
14900,0.000000,ALLOW
14901,0.000000,ALLOW
14902,0.000000,ALLOW
14903,0.000000,ALLOW
14904,0.000000,ALLOW
14905,0.000000,ALLOW
14906,0.000000,ALLOW
14907,0.000000,ALLOW
14908,0.000000,ALLOW
14909,0.000000,ALLOW
14910,0.000000,ALLOW
14911,0.000000,ALLOW
14912,0.000000,ALLOW
14913,0.000000,ALLOW
14914,0.000000,ALLOW
14915,0.000000,ALLOW
14916,0.000000,ALLOW
14917,0.000000,ALLOW
14918,0.000000,ALLOW
14919,0.000000,ALLOW
14920,0.000000,ALLOW
14921,0.000000,ALLOW
14922,0.000000,ALLOW
14923,0.000000,ALLOW
14924,0.000000,ALLOW
14925,0.000000,ALLOW
14926,0.000000,ALLOW
14927,0.000000,ALLOW
14928,0.000000,ALLOW
14929,0.000000,ALLOW
14930,0.000000,ALLOW
14931,0.000000,ALLOW
14932,0.000000,ALLOW
14933,0.000000,ALLOW
14934,0.000000,ALLOW
14935,0.000000,ALLOW
14936,0.000000,ALLOW
14937,0.000000,ALLOW
14938,0.000000,ALLOW
14939,0.000000,ALLOW
14940,0.000000,ALLOW
14941,0.000000,ALLOW
14942,0.000000,ALLOW
14943,0.000000,ALLOW
14944,0.000000,ALLOW
14945,0.000000,ALLOW
14946,0.000000,ALLOW
14947,0.000000,ALLOW
14948,0.000000,ALLOW
14949,0.000000,ALLOW
14950,0.000000,ALLOW
14951,0.000000,ALLOW
14952,0.000000,ALLOW
14953,0.000000,ALLOW
14954,0.000000,ALLOW
14955,0.000000,ALLOW
14956,0.000000,ALLOW
14957,0.000000,ALLOW
14958,0.000000,ALLOW
14959,0.000000,ALLOW
14960,0.000000,ALLOW
14961,0.000000,ALLOW
14962,0.000000,ALLOW
14963,0.000000,ALLOW
14964,0.000000,ALLOW
14965,0.000000,ALLOW
14966,0.000000,ALLOW
14967,0.000000,ALLOW
14968,0.000000,ALLOW
14969,0.000000,ALLOW
14970,0.000000,ALLOW
14971,0.000000,ALLOW
14972,0.000000,ALLOW
14973,0.000000,ALLOW
14974,0.000000,ALLOW
14975,0.000000,ALLOW
14976,0.000000,ALLOW
14977,0.000000,ALLOW
14978,0.000000,ALLOW
14979,0.000000,ALLOW
14980,0.000000,ALLOW
14981,0.000000,ALLOW
14982,0.000000,ALLOW
14983,0.000000,ALLOW
14984,0.000000,ALLOW
14985,0.000000,ALLOW
14986,0.000000,ALLOW
14987,0.000000,ALLOW
14988,0.000000,ALLOW
14989,0.000000,ALLOW
14990,0.000000,ALLOW
14991,0.000000,ALLOW
14992,0.000000,ALLOW
14993,0.000000,ALLOW
14994,0.000000,ALLOW
14995,0.000000,ALLOW
14996,0.000000,ALLOW
14997,0.000000,ALLOW
14998,0.000000,ALLOW
14999,0.000000,ALLOW
15000,0.000000,ALLOW
15001,0.000000,ALLOW
15002,0.000000,ALLOW
15003,0.000000,ALLOW
15004,0.000000,ALLOW
15005,0.000000,ALLOW
15006,0.000000,ALLOW
15007,0.000000,ALLOW
15008,0.000000,ALLOW
15009,0.000000,ALLOW
15010,0.000000,ALLOW
15011,0.000000,ALLOW
15012,0.000000,ALLOW
15013,0.000000,ALLOW
15014,0.000000,ALLOW
15015,0.000000,ALLOW
15016,0.000000,ALLOW
15017,0.000000,ALLOW
15018,0.000000,ALLOW
15019,0.000000,ALLOW
15020,0.000000,ALLOW
15021,0.000000,ALLOW
15022,0.000000,ALLOW
15023,0.000000,ALLOW
15024,0.000000,ALLOW
15025,0.000000,ALLOW
15026,0.000000,ALLOW
15027,0.000000,ALLOW
15028,0.000000,ALLOW
15029,0.000000,ALLOW
15030,0.000000,ALLOW
15031,0.000000,ALLOW
15032,0.000000,ALLOW
15033,0.000000,ALLOW
15034,0.000000,ALLOW
15035,0.000000,ALLOW
15036,0.000000,ALLOW
15037,0.000000,ALLOW
15038,0.000000,ALLOW
15039,0.000000,ALLOW
15040,0.000000,ALLOW
15041,0.000000,ALLOW
15042,0.000000,ALLOW
15043,0.000000,ALLOW
15044,0.000000,ALLOW
15045,0.000000,ALLOW
15046,0.000000,ALLOW
15047,0.000000,ALLOW
15048,0.000000,ALLOW
15049,0.000000,ALLOW
15050,0.000000,ALLOW
15051,0.000000,ALLOW
15052,0.000000,ALLOW
15053,0.000000,ALLOW
15054,0.000000,ALLOW
15055,0.000000,ALLOW
15056,0.000000,ALLOW
15057,0.000000,ALLOW
15058,0.000000,ALLOW
15059,0.000000,ALLOW
15060,0.000000,ALLOW
15061,0.000000,ALLOW
15062,0.000000,ALLOW
15063,0.000000,ALLOW
15064,0.000000,ALLOW
15065,0.000000,ALLOW
15066,0.000000,ALLOW
15067,0.000000,ALLOW
15068,0.000000,ALLOW
15069,0.000000,ALLOW
15070,0.000000,ALLOW
15071,0.000000,ALLOW
15072,0.000000,ALLOW
15073,0.000000,ALLOW
15074,0.000000,ALLOW
15075,0.000000,ALLOW
15076,0.000000,ALLOW
15077,0.000000,ALLOW
15078,0.000000,ALLOW
15079,0.000000,ALLOW
15080,0.000000,ALLOW
15081,0.000000,ALLOW
15082,0.000000,ALLOW
15083,0.000000,ALLOW
15084,0.000000,ALLOW
15085,0.000000,ALLOW
15086,0.000000,ALLOW
15087,0.000000,ALLOW
15088,0.000000,ALLOW
15089,0.000000,ALLOW
15090,0.000000,ALLOW
15091,0.000000,ALLOW
15092,0.000000,ALLOW
15093,0.000000,ALLOW
15094,0.000000,ALLOW
15095,0.000000,ALLOW
15096,0.000000,ALLOW
15097,0.000000,ALLOW
15098,0.000000,ALLOW
15099,0.000000,ALLOW
15100,0.000000,ALLOW
15101,0.000000,ALLOW
15102,0.000000,ALLOW
15103,0.000000,ALLOW
15104,0.000000,ALLOW
15105,0.000000,ALLOW
15106,0.000000,ALLOW
15107,0.000000,ALLOW
15108,0.000000,ALLOW
15109,0.000000,ALLOW
15110,0.000000,ALLOW
15111,0.000000,ALLOW
15112,0.000000,ALLOW
15113,0.000000,ALLOW
15114,0.000000,ALLOW
15115,0.000000,ALLOW
15116,0.000000,ALLOW
15117,0.000000,ALLOW
15118,0.000000,ALLOW
15119,0.000000,ALLOW
15120,0.000000,ALLOW
15121,0.000000,ALLOW
15122,0.000000,ALLOW
15123,0.000000,ALLOW
15124,0.000000,ALLOW
15125,0.000000,ALLOW
15126,0.000000,ALLOW
15127,0.000000,ALLOW
15128,0.000000,ALLOW
15129,0.000000,ALLOW
15130,0.000000,ALLOW
15131,0.000000,ALLOW
15132,0.000000,ALLOW
15133,0.000000,ALLOW
15134,0.000000,ALLOW
15135,0.000000,ALLOW
15136,0.000000,ALLOW
15137,0.000000,ALLOW
15138,0.000000,ALLOW
15139,0.000000,ALLOW
15140,0.000000,ALLOW
15141,0.000000,ALLOW
15142,0.000000,ALLOW
15143,0.000000,ALLOW
15144,0.000000,ALLOW
15145,0.000000,ALLOW
15146,0.000000,ALLOW
15147,0.000000,ALLOW
15148,0.000000,ALLOW
15149,0.000000,ALLOW
15150,0.000000,ALLOW
15151,0.000000,ALLOW
15152,0.000000,ALLOW
15153,0.000000,ALLOW
15154,0.000000,ALLOW
15155,0.000000,ALLOW
15156,0.000000,ALLOW
15157,0.000000,ALLOW
15158,0.000000,ALLOW
15159,0.000000,ALLOW
15160,0.000000,ALLOW
15161,0.000000,ALLOW
15162,0.000000,ALLOW
15163,0.000000,ALLOW
15164,0.000000,ALLOW
15165,0.000000,ALLOW
15166,0.000000,ALLOW
15167,0.000000,ALLOW
15168,0.000000,ALLOW
15169,0.000000,ALLOW
15170,0.000000,ALLOW
15171,0.000000,ALLOW
15172,0.000000,ALLOW
15173,0.000000,ALLOW
15174,0.000000,ALLOW
15175,0.000000,ALLOW
15176,0.000000,ALLOW
15177,0.000000,ALLOW
15178,0.000000,ALLOW
15179,0.000000,ALLOW
15180,0.000000,ALLOW
15181,0.000000,ALLOW
15182,0.000000,ALLOW
15183,0.000000,ALLOW
15184,0.000000,ALLOW
15185,0.000000,ALLOW
15186,0.000000,ALLOW
15187,0.000000,ALLOW
15188,0.000000,ALLOW
15189,0.000000,ALLOW
15190,0.000000,ALLOW
15191,0.000000,ALLOW
15192,0.000000,ALLOW
15193,0.000000,ALLOW
15194,0.000000,ALLOW
15195,0.000000,ALLOW
15196,0.000000,ALLOW
15197,0.000000,ALLOW
15198,0.000000,ALLOW
15199,0.000000,ALLOW
15200,0.000000,ALLOW
15201,0.000000,ALLOW
15202,0.000000,ALLOW
15203,0.000000,ALLOW
15204,0.000000,ALLOW
15205,0.000000,ALLOW
15206,0.000000,ALLOW
15207,0.000000,ALLOW
15208,0.000000,ALLOW
15209,0.000000,ALLOW
15210,0.000000,ALLOW
15211,0.000000,ALLOW
15212,0.000000,ALLOW
15213,0.000000,ALLOW
15214,0.000000,ALLOW
15215,0.000000,ALLOW
15216,0.000000,ALLOW
15217,0.000000,ALLOW
15218,0.000000,ALLOW
15219,0.000000,ALLOW
15220,0.000000,ALLOW
15221,0.000000,ALLOW
15222,0.000000,ALLOW
15223,0.000000,ALLOW
15224,0.000000,ALLOW
15225,0.000000,ALLOW
15226,0.000000,ALLOW
15227,233.579221,ALLOW
15228,210.221299,ALLOW
15229,189.199169,ALLOW
15230,170.279252,ALLOW
15231,153.251327,ALLOW
15232,137.926194,ALLOW
15233,124.133575,ALLOW
15234,111.720217,ALLOW
15235,100.548196,ALLOW
15236,90.493376,ALLOW
15237,81.444038,ALLOW
15238,73.299635,ALLOW
15239,65.969671,ALLOW
15240,59.372704,ALLOW
15241,53.435434,ALLOW
15242,48.091890,ALLOW
15243,43.282701,ALLOW
15244,38.954431,ALLOW
15245,35.058988,ALLOW
15246,31.553089,ALLOW
15247,28.397780,ALLOW
15248,25.558002,ALLOW
15249,23.002202,ALLOW
15250,20.701982,ALLOW
15251,18.631784,ALLOW
15252,16.768605,ALLOW
15253,43.863529,ALLOW
15254,39.477176,ALLOW
15255,35.529459,ALLOW
15256,31.976513,ALLOW
15257,28.778862,ALLOW
15258,25.900975,ALLOW
15259,23.310878,ALLOW
15260,20.979790,ALLOW
15261,18.881811,ALLOW
15262,16.993630,ALLOW
15263,15.294267,ALLOW
15264,13.764840,ALLOW
15265,12.388356,ALLOW
15266,11.149521,ALLOW
15267,10.034569,ALLOW
15268,9.031112,ALLOW
15269,8.128001,ALLOW
15270,7.315200,ALLOW
15271,6.583680,ALLOW
15272,5.925312,ALLOW
15273,5.332781,ALLOW
15274,4.799503,ALLOW
15275,4.319553,ALLOW
15276,3.887597,ALLOW
15277,3.498838,ALLOW
15278,3.148954,ALLOW
15279,2.834059,ALLOW
15280,2.550653,ALLOW
15281,2.295587,ALLOW
15282,2.066029,ALLOW
15283,1.859426,ALLOW
15284,1.673483,ALLOW
15285,1.506135,ALLOW
15286,1.355521,ALLOW
15287,1.219969,ALLOW
15288,1.097972,ALLOW
15289,0.988175,ALLOW
15290,0.889358,ALLOW
15291,0.800422,ALLOW
15292,0.720380,ALLOW
15293,0.648342,ALLOW
15294,0.583508,ALLOW
15295,0.525157,ALLOW
15296,0.472641,ALLOW
15297,0.425377,ALLOW
15298,0.382839,ALLOW
15299,0.344555,ALLOW
15300,0.310100,ALLOW
15301,0.279090,ALLOW
15302,0.251181,ALLOW
15303,0.226063,ALLOW
15304,0.203456,ALLOW
15305,0.183111,ALLOW
15306,0.164800,ALLOW
15307,0.148320,ALLOW
15308,0.133488,ALLOW
15309,0.120139,ALLOW
15310,0.108125,ALLOW
15311,0.097313,ALLOW
15312,0.087581,ALLOW
15313,0.078823,ALLOW
15314,0.070941,ALLOW
15315,0.063847,ALLOW
15316,0.057462,ALLOW
15317,0.051716,ALLOW
15318,0.046544,ALLOW
15319,0.041890,ALLOW
15320,0.037701,ALLOW
15321,0.033931,ALLOW
15322,0.030538,ALLOW
15323,0.027484,ALLOW
15324,0.024736,ALLOW
15325,0.022262,ALLOW
15326,0.020036,ALLOW
15327,0.018032,ALLOW
15328,0.016229,ALLOW
15329,0.014606,ALLOW
15330,0.013145,ALLOW
15331,0.011831,ALLOW
15332,0.010648,ALLOW
15333,0.009583,ALLOW
15334,0.008625,ALLOW
15335,0.007762,ALLOW
15336,0.006986,ALLOW
15337,0.006287,ALLOW
15338,0.005659,ALLOW
15339,0.005093,ALLOW
15340,0.004584,ALLOW
15341,0.004125,ALLOW
15342,0.003713,ALLOW
15343,0.003341,ALLOW
15344,0.003007,ALLOW
15345,0.002707,ALLOW
15346,0.002436,ALLOW
15347,0.002192,ALLOW
15348,0.001973,ALLOW
15349,0.001776,ALLOW
15350,0.001598,ALLOW
15351,0.001438,ALLOW
15352,0.001295,ALLOW
15353,0.001165,ALLOW
15354,0.001049,ALLOW
15355,0.000944,ALLOW
15356,0.000849,ALLOW
15357,0.000764,ALLOW
15358,0.000688,ALLOW
15359,4.792766,ALLOW
15360,4.313489,ALLOW
15361,3.882140,ALLOW
15362,3.493926,ALLOW
15363,3.144534,ALLOW
15364,2.830080,ALLOW
15365,2.547072,ALLOW
15366,2.292365,ALLOW
15367,2.063129,ALLOW
15368,1.856816,ALLOW
15369,1.671134,ALLOW
15370,1.504021,ALLOW
15371,1.353619,ALLOW
15372,1.218257,ALLOW
15373,1.096431,ALLOW
15374,0.986788,ALLOW
15375,0.888109,ALLOW
15376,0.799298,ALLOW
15377,0.719368,ALLOW
15378,0.647432,ALLOW
15379,0.582688,ALLOW
15380,0.524420,ALLOW
15381,0.471978,ALLOW
15382,0.424780,ALLOW
15383,0.382302,ALLOW
15384,0.344072,ALLOW
15385,0.309665,ALLOW
15386,0.278698,ALLOW
15387,0.250828,ALLOW
15388,0.225745,ALLOW
15389,0.203171,ALLOW
15390,0.182854,ALLOW
15391,0.164568,ALLOW
15392,0.148112,ALLOW
15393,0.133300,ALLOW
15394,0.119970,ALLOW
15395,0.107973,ALLOW
15396,0.097176,ALLOW
15397,0.087458,ALLOW
15398,0.078713,ALLOW
15399,0.070841,ALLOW
15400,0.063757,ALLOW
15401,0.057381,ALLOW
15402,0.051643,ALLOW
15403,0.046479,ALLOW
15404,0.041831,ALLOW
15405,0.037648,ALLOW
15406,0.033883,ALLOW
15407,0.030495,ALLOW
15408,0.027445,ALLOW
15409,0.024701,ALLOW
15410,0.022231,ALLOW
15411,0.020008,ALLOW
15412,0.018007,ALLOW
15413,0.016206,ALLOW
15414,0.014586,ALLOW
15415,0.013127,ALLOW
15416,0.011814,ALLOW
15417,0.010633,ALLOW
15418,0.009570,ALLOW
15419,0.008613,ALLOW
15420,0.007751,ALLOW
15421,0.006976,ALLOW
15422,0.006279,ALLOW
15423,0.005651,ALLOW
15424,0.005086,ALLOW
15425,0.004577,ALLOW
15426,0.004119,ALLOW
15427,0.003707,ALLOW
15428,0.003337,ALLOW
15429,0.003003,ALLOW
15430,0.002703,ALLOW
15431,0.002432,ALLOW
15432,0.002189,ALLOW
15433,0.001970,ALLOW
15434,0.001773,ALLOW
15435,0.001596,ALLOW
15436,0.001436,ALLOW
15437,0.001293,ALLOW
15438,0.001163,ALLOW
15439,0.001047,ALLOW
15440,0.000942,ALLOW
15441,0.000848,ALLOW
15442,0.000763,ALLOW
15443,0.000687,ALLOW
15444,0.000618,ALLOW
15445,0.000556,ALLOW
15446,0.000501,ALLOW
15447,0.000451,ALLOW
15448,0.000406,ALLOW
15449,0.000365,ALLOW
15450,0.000329,ALLOW
15451,0.000296,ALLOW
15452,0.000266,ALLOW
15453,0.000240,ALLOW
15454,0.000216,ALLOW
15455,0.000194,ALLOW
15456,0.000175,ALLOW
15457,0.000157,ALLOW
15458,0.000141,ALLOW
15459,0.000127,ALLOW
15460,0.000115,ALLOW
15461,0.000103,ALLOW
15462,0.000093,ALLOW
15463,0.000084,ALLOW
15464,0.000075,ALLOW
15465,0.000068,ALLOW
15466,0.000061,ALLOW
15467,0.000055,ALLOW
15468,0.000049,ALLOW
15469,0.000044,ALLOW
15470,0.000040,ALLOW
15471,0.000036,ALLOW
15472,0.000032,ALLOW
15473,0.000029,ALLOW
15474,0.000026,ALLOW
15475,0.000024,ALLOW
15476,0.000021,ALLOW
15477,0.000019,ALLOW
15478,0.000017,ALLOW
15479,0.000015,ALLOW
15480,0.000014,ALLOW
15481,0.000013,ALLOW
15482,0.000011,ALLOW
15483,0.000010,ALLOW
15484,0.000009,ALLOW
15485,0.000008,ALLOW
15486,0.000007,ALLOW
15487,0.000007,ALLOW
15488,0.000006,ALLOW
15489,0.000005,ALLOW
15490,0.000005,ALLOW
15491,0.000004,ALLOW
15492,0.000004,ALLOW
15493,0.000004,ALLOW
15494,0.000003,ALLOW
15495,0.000003,ALLOW
15496,0.000003,ALLOW
15497,0.000002,ALLOW
15498,0.000002,ALLOW
15499,0.000002,ALLOW
15500,0.000002,ALLOW
15501,0.000002,ALLOW
15502,0.000001,ALLOW
15503,0.000001,ALLOW
15504,0.000001,ALLOW
15505,0.000001,ALLOW
15506,0.000001,ALLOW
15507,0.000001,ALLOW
15508,0.000001,ALLOW
15509,0.000001,ALLOW
15510,0.000001,ALLOW
15511,0.000001,ALLOW
15512,0.000000,ALLOW
15513,0.000000,ALLOW
15514,0.000000,ALLOW
15515,0.000000,ALLOW
15516,0.000000,ALLOW
15517,0.000000,ALLOW
15518,0.000000,ALLOW
15519,0.000000,ALLOW
15520,0.000000,ALLOW
15521,0.000000,ALLOW
15522,0.000000,ALLOW
15523,0.000000,ALLOW
15524,0.000000,ALLOW
15525,0.000000,ALLOW
15526,0.000000,ALLOW
15527,0.000000,ALLOW
15528,0.000000,ALLOW
15529,0.000000,ALLOW
15530,0.000000,ALLOW
15531,0.000000,ALLOW
15532,0.000000,ALLOW
15533,0.000000,ALLOW
15534,0.000000,ALLOW
15535,0.000000,ALLOW
15536,0.000000,ALLOW
15537,0.000000,ALLOW
15538,0.000000,ALLOW
15539,0.000000,ALLOW
15540,0.000000,ALLOW
15541,0.000000,ALLOW
