seq,acc_cmd,acc_exec,trust,decision
0,0.000000,1.000000,0.329872,PAUSE
1,0.000000,1.000000,0.136887,PAUSE
2,0.000000,1.000000,0.056432,PAUSE
3,0.000000,0.000000,0.040191,PAUSE
4,0.000000,0.000000,0.088326,PAUSE
5,0.000000,1.000000,0.043719,PAUSE
6,0.000000,1.000000,0.019792,PAUSE
7,0.000000,0.000000,0.029238,PAUSE
8,0.000000,1.000000,0.015729,PAUSE
9,0.000000,0.000000,0.036122,PAUSE
10,0.000000,1.000000,0.019382,PAUSE
11,0.000000,0.000000,0.041417,PAUSE
12,0.000000,0.000000,0.123118,PAUSE
13,0.000000,0.000000,0.261961,PAUSE
14,0.000000,1.000000,0.120819,PAUSE
15,0.000000,1.000000,0.051727,PAUSE
16,0.000000,0.000000,0.047613,PAUSE
17,0.000000,0.000000,0.112225,PAUSE
18,0.000000,0.000000,0.241161,PAUSE
19,0.000000,1.000000,0.111743,PAUSE
20,0.000000,1.000000,0.048000,PAUSE
21,0.000000,0.000000,0.045658,PAUSE
22,0.000000,1.000000,0.022854,PAUSE
23,0.000000,0.000000,0.041383,PAUSE
24,0.000000,0.000000,0.120379,PAUSE
25,0.000000,0.000000,0.257584,PAUSE
26,0.000000,1.000000,0.118919,PAUSE
27,0.000000,0.000000,0.115467,PAUSE
28,0.000000,0.000000,0.208509,PAUSE
29,0.000000,1.000000,0.097037,PAUSE
30,0.000000,1.000000,0.041899,PAUSE
31,0.000000,1.000000,0.018024,PAUSE
32,0.000000,1.000000,0.007950,PAUSE
33,0.000000,1.000000,0.003717,PAUSE
34,1.000000,1.000000,0.001930,PAUSE
35,1.000000,1.000000,0.001167,PAUSE
36,0.000000,0.000000,0.007863,PAUSE
37,0.000000,1.000000,0.005282,PAUSE
38,0.000000,0.000000,0.022489,PAUSE
39,0.000000,1.000000,0.012921,PAUSE
40,0.000000,1.000000,0.006629,PAUSE
41,0.000000,1.000000,0.003459,PAUSE
42,0.000000,1.000000,0.001950,PAUSE
43,0.000000,1.000000,0.001237,PAUSE
44,0.000000,1.000000,0.000897,PAUSE
45,0.000000,1.000000,0.000731,PAUSE
46,1.000000,1.000000,0.000648,PAUSE
47,1.000000,1.000000,0.000605,PAUSE
48,0.000000,1.000000,0.000582,PAUSE
49,0.000000,0.000000,0.006999,PAUSE
50,1.000000,1.000000,0.004825,PAUSE
51,0.000000,0.000000,0.021663,PAUSE
52,0.000000,0.000000,0.086001,PAUSE
53,0.000000,0.000000,0.209905,PAUSE
54,0.000000,0.000000,0.370930,PAUSE
55,0.000000,0.000000,0.533816,ALLOW
56,0.000000,1.000000,0.236432,PAUSE
57,1.000000,1.000000,0.098784,PAUSE
58,0.000000,1.000000,0.041037,PAUSE
59,0.000000,0.000000,0.033051,PAUSE
60,1.000000,1.000000,0.016696,PAUSE
61,0.000000,1.000000,0.008037,PAUSE
62,1.000000,1.000000,0.003988,PAUSE
63,1.000000,1.000000,0.002146,PAUSE
64,0.000000,1.000000,0.001308,PAUSE
65,0.000000,0.000000,0.008524,PAUSE
66,0.000000,0.000000,0.048403,PAUSE
67,0.000000,0.000000,0.146170,PAUSE
68,0.000000,1.000000,0.070224,PAUSE
69,1.000000,1.000000,0.030912,PAUSE
70,1.000000,1.000000,0.013563,PAUSE
71,1.000000,1.000000,0.006142,PAUSE
72,0.000000,1.000000,0.002984,PAUSE
73,1.000000,1.000000,0.001631,PAUSE
74,0.000000,0.000000,0.008525,PAUSE
75,0.000000,0.000000,0.047968,PAUSE
76,1.000000,1.000000,0.025464,PAUSE
77,1.000000,1.000000,0.012122,PAUSE
78,0.000000,0.000000,0.024056,PAUSE
79,0.000000,0.000000,0.085715,PAUSE
80,0.000000,0.000000,0.208093,PAUSE
81,0.000000,0.000000,0.368536,PAUSE
82,1.000000,1.000000,0.166537,PAUSE
83,0.000000,0.000000,0.142507,PAUSE
84,0.000000,1.000000,0.065642,PAUSE
85,0.000000,1.000000,0.028603,PAUSE
86,1.000000,1.000000,0.012514,PAUSE
87,0.000000,1.000000,0.005677,PAUSE
88,0.000000,1.000000,0.002777,PAUSE
89,0.000000,1.000000,0.001538,PAUSE
90,1.000000,1.000000,0.001002,PAUSE
91,1.000000,1.000000,0.000764,PAUSE
92,0.000000,0.000000,0.007346,PAUSE
93,1.000000,1.000000,0.005013,PAUSE
94,1.000000,1.000000,0.003002,PAUSE
95,1.000000,1.000000,0.001843,PAUSE
96,1.000000,1.000000,0.001230,PAUSE
97,0.000000,0.000000,0.008945,PAUSE
98,1.000000,1.000000,0.005893,PAUSE
99,1.000000,1.000000,0.003422,PAUSE
100,1.000000,1.000000,0.002036,PAUSE
101,1.000000,1.000000,0.001319,PAUSE
102,1.000000,1.000000,0.000955,PAUSE
103,0.000000,0.000000,0.008134,PAUSE
104,1.000000,1.000000,0.005452,PAUSE
105,1.000000,1.000000,0.003212,PAUSE
106,1.000000,1.000000,0.001940,PAUSE
107,0.000000,1.000000,0.001275,PAUSE
108,0.000000,1.000000,0.000934,PAUSE
109,0.000000,1.000000,0.000758,PAUSE
110,0.000000,1.000000,0.000666,PAUSE
111,0.000000,0.000000,0.007294,PAUSE
112,0.000000,0.000000,0.044542,PAUSE
113,0.000000,0.000000,0.138840,PAUSE
114,0.000000,0.000000,0.285141,PAUSE
115,0.000000,0.000000,0.451227,PAUSE
116,1.000000,1.000000,0.201630,PAUSE
117,0.000000,0.000000,0.161248,PAUSE
118,0.000000,0.000000,0.244406,PAUSE
119,1.000000,1.000000,0.112264,PAUSE
120,0.000000,0.000000,0.109190,PAUSE
121,1.000000,1.000000,0.051496,PAUSE
122,1.000000,1.000000,0.022808,PAUSE
123,0.000000,1.000000,0.010158,PAUSE
124,0.000000,1.000000,0.004720,PAUSE
125,0.000000,0.000000,0.011927,PAUSE
126,0.000000,0.000000,0.056325,PAUSE
127,0.000000,0.000000,0.160131,PAUSE
128,0.000000,0.000000,0.312041,PAUSE
129,1.000000,1.000000,0.142397,PAUSE
130,0.000000,1.000000,0.060551,PAUSE
131,0.000000,1.000000,0.025606,PAUSE
132,0.000000,0.000000,0.025954,PAUSE
133,0.000000,0.000000,0.077834,PAUSE
134,0.000000,0.000000,0.192815,PAUSE
135,1.000000,1.000000,0.090727,PAUSE
136,0.000000,0.000000,0.098150,PAUSE
137,0.000000,1.000000,0.046902,PAUSE
138,1.000000,1.000000,0.020940,PAUSE
139,1.000000,1.000000,0.009403,PAUSE
140,0.000000,1.000000,0.004414,PAUSE
141,0.000000,1.000000,0.002264,PAUSE
142,0.000000,1.000000,0.001329,PAUSE
143,0.000000,1.000000,0.000916,PAUSE
144,0.000000,0.000000,0.007643,PAUSE
145,0.000000,0.000000,0.045562,PAUSE
146,1.000000,1.000000,0.024326,PAUSE
147,0.000000,0.000000,0.047971,PAUSE
148,0.000000,1.000000,0.024915,PAUSE
149,0.000000,1.000000,0.011799,PAUSE
150,0.000000,0.000000,0.023303,PAUSE
151,0.000000,0.000000,0.083921,PAUSE
152,1.000000,1.000000,0.042119,PAUSE
153,0.000000,0.000000,0.063672,PAUSE
154,0.000000,0.000000,0.155349,PAUSE
155,0.000000,0.000000,0.301685,PAUSE
156,0.000000,1.000000,0.137893,PAUSE
157,1.000000,1.000000,0.058705,PAUSE
158,0.000000,1.000000,0.024857,PAUSE
159,1.000000,1.000000,0.010722,PAUSE
160,0.000000,1.000000,0.004842,PAUSE
161,0.000000,1.000000,0.002388,PAUSE
162,1.000000,1.000000,0.001354,PAUSE
163,0.000000,1.000000,0.000912,PAUSE
164,0.000000,0.000000,0.007487,PAUSE
165,1.000000,1.000000,0.005084,PAUSE
166,0.000000,0.000000,0.022135,PAUSE
167,0.000000,1.000000,0.012747,PAUSE
168,1.000000,1.000000,0.006553,PAUSE
169,1.000000,1.000000,0.003426,PAUSE
170,0.000000,1.000000,0.001935,PAUSE
171,0.000000,1.000000,0.001231,PAUSE
172,1.000000,1.000000,0.000894,PAUSE
173,1.000000,1.000000,0.000730,PAUSE
174,1.000000,1.000000,0.000648,PAUSE
175,0.000000,1.000000,0.000605,PAUSE
176,1.000000,1.000000,0.000582,PAUSE
177,1.000000,1.000000,0.000570,PAUSE
178,1.000000,1.000000,0.000563,PAUSE
179,0.000000,1.000000,0.000559,PAUSE
180,0.000000,1.000000,0.000556,PAUSE
181,1.000000,1.000000,0.000555,PAUSE
182,0.000000,1.000000,0.000554,PAUSE
183,0.000000,1.000000,0.000554,PAUSE
184,0.000000,0.000000,0.006890,PAUSE
185,0.000000,0.000000,0.043089,PAUSE
186,0.000000,1.000000,0.023148,PAUSE
187,0.000000,1.000000,0.011128,PAUSE
188,1.000000,1.000000,0.005387,PAUSE
189,0.000000,0.000000,0.014571,PAUSE
190,0.000000,0.000000,0.064397,PAUSE
191,1.000000,1.000000,0.033154,PAUSE
192,0.000000,0.000000,0.056180,PAUSE
193,0.000000,0.000000,0.145739,PAUSE
194,0.000000,0.000000,0.290446,PAUSE
195,1.000000,1.000000,0.133077,PAUSE
196,0.000000,1.000000,0.056739,PAUSE
197,0.000000,1.000000,0.024061,PAUSE
198,0.000000,0.000000,0.025203,PAUSE
199,1.000000,1.000000,0.013422,PAUSE
200,1.000000,1.000000,0.006695,PAUSE
201,1.000000,1.000000,0.003440,PAUSE
202,0.000000,1.000000,0.001923,PAUSE
203,0.000000,1.000000,0.001217,PAUSE
204,0.000000,1.000000,0.000884,PAUSE
205,0.000000,1.000000,0.000723,PAUSE
206,1.000000,1.000000,0.000643,PAUSE
207,0.000000,1.000000,0.000602,PAUSE
208,0.000000,1.000000,0.000581,PAUSE
209,0.000000,1.000000,0.000569,PAUSE
210,1.000000,1.000000,0.000562,PAUSE
211,0.000000,1.000000,0.000558,PAUSE
212,0.000000,1.000000,0.000556,PAUSE
213,0.000000,1.000000,0.000555,PAUSE
214,0.000000,1.000000,0.000554,PAUSE
215,0.000000,1.000000,0.000554,PAUSE
216,1.000000,1.000000,0.000553,PAUSE
217,1.000000,1.000000,0.000553,PAUSE
218,0.000000,1.000000,0.000553,PAUSE
219,0.000000,1.000000,0.000553,PAUSE
220,0.000000,1.000000,0.000553,PAUSE
221,0.000000,0.000000,0.006887,PAUSE
222,1.000000,1.000000,0.004762,PAUSE
223,1.000000,1.000000,0.002882,PAUSE
224,0.000000,0.000000,0.013895,PAUSE
225,0.000000,0.000000,0.065044,PAUSE
226,1.000000,1.000000,0.033482,PAUSE
227,1.000000,1.000000,0.015542,PAUSE
228,1.000000,1.000000,0.007235,PAUSE
229,0.000000,0.000000,0.015952,PAUSE
230,0.000000,1.000000,0.009386,PAUSE
231,1.000000,1.000000,0.004999,PAUSE
232,0.000000,1.000000,0.002733,PAUSE
233,0.000000,0.000000,0.011822,PAUSE
234,0.000000,0.000000,0.058380,PAUSE
235,0.000000,1.000000,0.030368,PAUSE
236,0.000000,1.000000,0.014218,PAUSE
237,0.000000,1.000000,0.006683,PAUSE
238,0.000000,1.000000,0.003314,PAUSE
239,0.000000,1.000000,0.001819,PAUSE
240,0.000000,1.000000,0.001148,PAUSE
241,0.000000,0.000000,0.008144,PAUSE
242,1.000000,1.000000,0.005444,PAUSE
243,0.000000,0.000000,0.022837,PAUSE
244,0.000000,0.000000,0.088629,PAUSE
245,0.000000,0.000000,0.213879,PAUSE
246,1.000000,1.000000,0.099981,PAUSE
247,0.000000,0.000000,0.104086,PAUSE
248,1.000000,1.000000,0.049441,PAUSE
249,0.000000,1.000000,0.021984,PAUSE
250,0.000000,1.000000,0.009828,PAUSE
251,0.000000,1.000000,0.004588,PAUSE
252,0.000000,0.000000,0.011871,PAUSE
253,0.000000,1.000000,0.007315,PAUSE
254,1.000000,1.000000,0.004058,PAUSE
255,1.000000,1.000000,0.002316,PAUSE
256,1.000000,1.000000,0.001443,PAUSE
257,1.000000,1.000000,0.001010,PAUSE
258,0.000000,1.000000,0.000793,PAUSE
259,0.000000,0.000000,0.007650,PAUSE
260,0.000000,0.000000,0.045760,PAUSE
261,1.000000,1.000000,0.024422,PAUSE
262,0.000000,1.000000,0.011676,PAUSE
263,1.000000,1.000000,0.005618,PAUSE
264,0.000000,1.000000,0.002870,PAUSE
265,0.000000,0.000000,0.010872,PAUSE
266,0.000000,1.000000,0.006867,PAUSE
267,1.000000,1.000000,0.003866,PAUSE
268,0.000000,1.000000,0.002235,PAUSE
269,0.000000,1.000000,0.001408,PAUSE
270,0.000000,1.000000,0.000995,PAUSE
271,1.000000,1.000000,0.000786,PAUSE
272,1.000000,1.000000,0.000679,PAUSE
273,0.000000,1.000000,0.000623,PAUSE
274,0.000000,1.000000,0.000593,PAUSE
275,1.000000,1.000000,0.000576,PAUSE
276,0.000000,0.000000,0.006978,PAUSE
277,0.000000,1.000000,0.004814,PAUSE
278,1.000000,1.000000,0.002907,PAUSE
279,0.000000,1.000000,0.001799,PAUSE
280,0.000000,1.000000,0.001210,PAUSE
281,0.000000,1.000000,0.000903,PAUSE
282,0.000000,1.000000,0.000743,PAUSE
283,0.000000,0.000000,0.007549,PAUSE
284,0.000000,1.000000,0.005131,PAUSE
285,1.000000,1.000000,0.003060,PAUSE
286,0.000000,1.000000,0.001870,PAUSE
287,1.000000,1.000000,0.001243,PAUSE
288,1.000000,1.000000,0.000919,PAUSE
289,1.000000,1.000000,0.000751,PAUSE
290,1.000000,1.000000,0.000662,PAUSE
291,1.000000,1.000000,0.000614,PAUSE
292,0.000000,1.000000,0.000588,PAUSE
293,0.000000,0.000000,0.007026,PAUSE
294,0.000000,1.000000,0.004841,PAUSE
295,0.000000,1.000000,0.002920,PAUSE
296,0.000000,0.000000,0.013962,PAUSE
297,0.000000,1.000000,0.008553,PAUSE
298,0.000000,1.000000,0.004657,PAUSE
299,1.000000,1.000000,0.002593,PAUSE
300,1.000000,1.000000,0.001570,PAUSE
301,0.000000,1.000000,0.001069,PAUSE
302,0.000000,1.000000,0.000821,PAUSE
303,0.000000,0.000000,0.007711,PAUSE
304,1.000000,1.000000,0.005219,PAUSE
305,1.000000,1.000000,0.003101,PAUSE
306,0.000000,0.000000,0.014267,PAUSE
307,1.000000,1.000000,0.008708,PAUSE
308,1.000000,1.000000,0.004727,PAUSE
309,1.000000,1.000000,0.002624,PAUSE
310,0.000000,0.000000,0.011775,PAUSE
311,0.000000,0.000000,0.058351,PAUSE
312,1.000000,1.000000,0.030356,PAUSE
313,0.000000,0.000000,0.053724,PAUSE
314,0.000000,0.000000,0.142439,PAUSE
315,0.000000,0.000000,0.286497,PAUSE
316,0.000000,0.000000,0.451695,PAUSE
317,1.000000,1.000000,0.201814,PAUSE
318,0.000000,0.000000,0.161315,PAUSE
319,0.000000,0.000000,0.244425,PAUSE
320,1.000000,1.000000,0.112271,PAUSE
321,1.000000,1.000000,0.048109,PAUSE
322,1.000000,1.000000,0.020536,PAUSE
323,0.000000,0.000000,0.023286,PAUSE
324,1.000000,1.000000,0.012590,PAUSE
325,0.000000,1.000000,0.006347,PAUSE
326,1.000000,1.000000,0.003295,PAUSE
327,1.000000,1.000000,0.001862,PAUSE
328,1.000000,1.000000,0.001191,PAUSE
329,0.000000,1.000000,0.000873,PAUSE
330,0.000000,1.000000,0.000718,PAUSE
331,0.000000,1.000000,0.000641,PAUSE
332,1.000000,1.000000,0.000601,PAUSE
333,0.000000,1.000000,0.000580,PAUSE
334,0.000000,1.000000,0.000569,PAUSE
335,1.000000,1.000000,0.000562,PAUSE
336,0.000000,1.000000,0.000558,PAUSE
337,1.000000,1.000000,0.000556,PAUSE
338,0.000000,1.000000,0.000555,PAUSE
339,0.000000,0.000000,0.006895,PAUSE
340,0.000000,0.000000,0.043107,PAUSE
341,0.000000,0.000000,0.136028,PAUSE
342,0.000000,1.000000,0.065715,PAUSE
343,0.000000,1.000000,0.029042,PAUSE
344,1.000000,1.000000,0.012799,PAUSE
345,0.000000,0.000000,0.019402,PAUSE
346,1.000000,1.000000,0.010932,PAUSE
347,1.000000,1.000000,0.005659,PAUSE
348,0.000000,0.000000,0.017286,PAUSE
349,0.000000,1.000000,0.010183,PAUSE
350,0.000000,1.000000,0.005383,PAUSE
351,0.000000,0.000000,0.017340,PAUSE
352,0.000000,0.000000,0.073028,PAUSE
353,0.000000,1.000000,0.037163,PAUSE
354,1.000000,1.000000,0.017097,PAUSE
355,0.000000,1.000000,0.007880,PAUSE
356,0.000000,0.000000,0.016389,PAUSE
357,0.000000,0.000000,0.067417,PAUSE
358,1.000000,1.000000,0.034535,PAUSE
359,0.000000,0.000000,0.057330,PAUSE
360,0.000000,1.000000,0.029120,PAUSE
361,0.000000,1.000000,0.013568,PAUSE
362,0.000000,1.000000,0.006379,PAUSE
363,1.000000,1.000000,0.003176,PAUSE
364,0.000000,0.000000,0.011009,PAUSE
365,0.000000,0.000000,0.055028,PAUSE
366,1.000000,1.000000,0.028788,PAUSE
367,1.000000,1.000000,0.013543,PAUSE
368,0.000000,0.000000,0.025161,PAUSE
369,0.000000,0.000000,0.087426,PAUSE
370,0.000000,0.000000,0.210511,PAUSE
371,1.000000,1.000000,0.098493,PAUSE
372,0.000000,0.000000,0.103115,PAUSE
373,0.000000,0.000000,0.197495,PAUSE
374,0.000000,1.000000,0.092323,PAUSE
375,0.000000,1.000000,0.039971,PAUSE
376,0.000000,0.000000,0.041175,PAUSE
377,0.000000,1.000000,0.020927,PAUSE
378,1.000000,1.000000,0.009948,PAUSE
379,1.000000,1.000000,0.004825,PAUSE
380,0.000000,1.000000,0.002511,PAUSE
381,1.000000,1.000000,0.001469,PAUSE
382,1.000000,1.000000,0.000994,PAUSE
383,0.000000,0.000000,0.007922,PAUSE
384,1.000000,1.000000,0.005328,PAUSE
385,1.000000,1.000000,0.003152,PAUSE
386,1.000000,1.000000,0.001912,PAUSE
387,0.000000,0.000000,0.010753,PAUSE
388,0.000000,0.000000,0.055701,PAUSE
389,0.000000,0.000000,0.159633,PAUSE
390,0.000000,1.000000,0.076187,PAUSE
391,0.000000,1.000000,0.033379,PAUSE
392,1.000000,1.000000,0.014571,PAUSE
393,0.000000,0.000000,0.020382,PAUSE
394,0.000000,1.000000,0.011360,PAUSE
395,0.000000,1.000000,0.005839,PAUSE
396,1.000000,1.000000,0.003086,PAUSE
397,0.000000,1.000000,0.001776,PAUSE
398,0.000000,1.000000,0.001156,PAUSE
399,0.000000,0.000000,0.008414,PAUSE
400,0.000000,0.000000,0.048191,PAUSE
401,1.000000,1.000000,0.025576,PAUSE
402,0.000000,0.000000,0.049210,PAUSE
403,0.000000,0.000000,0.136033,PAUSE
404,0.000000,0.000000,0.278655,PAUSE
405,0.000000,0.000000,0.443885,PAUSE
406,0.000000,0.000000,0.598547,ALLOW
407,1.000000,1.000000,0.263570,PAUSE
408,0.000000,0.000000,0.192730,PAUSE
409,0.000000,0.000000,0.265837,PAUSE
410,1.000000,1.000000,0.121260,PAUSE
411,0.000000,1.000000,0.051760,PAUSE
412,0.000000,1.000000,0.022010,PAUSE
413,0.000000,1.000000,0.009559,PAUSE
414,0.000000,0.000000,0.014739,PAUSE
415,0.000000,0.000000,0.060107,PAUSE
416,1.000000,1.000000,0.031103,PAUSE
417,0.000000,1.000000,0.014519,PAUSE
418,1.000000,1.000000,0.006805,PAUSE
419,1.000000,1.000000,0.003365,PAUSE
420,0.000000,1.000000,0.001839,PAUSE
421,0.000000,1.000000,0.001157,PAUSE
422,0.000000,1.000000,0.000845,PAUSE
423,0.000000,1.000000,0.000700,PAUSE
424,0.000000,0.000000,0.007297,PAUSE
425,0.000000,0.000000,0.044504,PAUSE
426,0.000000,0.000000,0.138756,PAUSE
427,0.000000,1.000000,0.066930,PAUSE
428,1.000000,1.000000,0.029546,PAUSE
429,0.000000,1.000000,0.013005,PAUSE
430,0.000000,1.000000,0.005915,PAUSE
431,1.000000,1.000000,0.002891,PAUSE
432,1.000000,1.000000,0.001593,PAUSE
433,1.000000,1.000000,0.001029,PAUSE
434,0.000000,1.000000,0.000778,PAUSE
435,0.000000,1.000000,0.000663,PAUSE
436,1.000000,1.000000,0.000609,PAUSE
437,1.000000,1.000000,0.000583,PAUSE
438,1.000000,1.000000,0.000569,PAUSE
439,1.000000,1.000000,0.000562,PAUSE
440,0.000000,1.000000,0.000558,PAUSE
441,1.000000,1.000000,0.000556,PAUSE
442,0.000000,1.000000,0.000555,PAUSE
443,0.000000,1.000000,0.000554,PAUSE
444,1.000000,1.000000,0.000554,PAUSE
445,1.000000,1.000000,0.000553,PAUSE
446,1.000000,1.000000,0.000553,PAUSE
447,0.000000,0.000000,0.006888,PAUSE
448,0.000000,1.000000,0.004763,PAUSE
449,1.000000,1.000000,0.002882,PAUSE
450,0.000000,1.000000,0.001787,PAUSE
451,0.000000,1.000000,0.001205,PAUSE
452,0.000000,0.000000,0.008899,PAUSE
453,1.000000,1.000000,0.005869,PAUSE
454,1.000000,1.000000,0.003410,PAUSE
455,0.000000,0.000000,0.014765,PAUSE
456,0.000000,0.000000,0.067217,PAUSE
457,0.000000,0.000000,0.179568,PAUSE
458,0.000000,0.000000,0.335783,PAUSE
459,0.000000,0.000000,0.500902,ALLOW
460,0.000000,0.000000,0.646806,ALLOW
461,0.000000,0.000000,0.761205,ALLOW
462,1.000000,1.000000,0.331339,PAUSE
463,0.000000,0.000000,0.225580,PAUSE
464,0.000000,0.000000,0.286331,PAUSE
465,1.000000,1.000000,0.129803,PAUSE
466,1.000000,1.000000,0.055223,PAUSE
467,1.000000,1.000000,0.023406,PAUSE
468,0.000000,0.000000,0.024604,PAUSE
469,0.000000,0.000000,0.076074,PAUSE
470,0.000000,1.000000,0.038391,PAUSE
471,0.000000,1.000000,0.017590,PAUSE
472,1.000000,1.000000,0.008078,PAUSE
473,1.000000,1.000000,0.003890,PAUSE
474,0.000000,0.000000,0.011618,PAUSE
475,1.000000,1.000000,0.007218,PAUSE
476,1.000000,1.000000,0.004020,PAUSE
477,0.000000,0.000000,0.015536,PAUSE
478,0.000000,1.000000,0.009338,PAUSE
479,0.000000,1.000000,0.005009,PAUSE
480,1.000000,1.000000,0.002748,PAUSE
481,0.000000,0.000000,0.011917,PAUSE
482,0.000000,0.000000,0.058688,PAUSE
483,0.000000,0.000000,0.164831,PAUSE
484,1.000000,1.000000,0.078480,PAUSE
485,0.000000,0.000000,0.090331,PAUSE
486,0.000000,0.000000,0.185240,PAUSE
487,0.000000,1.000000,0.087052,PAUSE
488,0.000000,1.000000,0.037812,PAUSE
489,0.000000,1.000000,0.016366,PAUSE
490,0.000000,1.000000,0.007279,PAUSE
491,0.000000,0.000000,0.013629,PAUSE
492,0.000000,0.000000,0.059070,PAUSE
493,1.000000,1.000000,0.030642,PAUSE
494,0.000000,1.000000,0.014327,PAUSE
495,1.000000,1.000000,0.006726,PAUSE
496,0.000000,1.000000,0.003332,PAUSE
497,1.000000,1.000000,0.001826,PAUSE
498,0.000000,0.000000,0.009180,PAUSE
499,0.000000,1.000000,0.005987,PAUSE
500,1.000000,1.000000,0.003459,PAUSE
501,0.000000,1.000000,0.002051,PAUSE
502,0.000000,0.000000,0.010960,PAUSE
503,0.000000,0.000000,0.056250,PAUSE
504,0.000000,0.000000,0.160598,PAUSE
505,1.000000,1.000000,0.076613,PAUSE
506,0.000000,1.000000,0.033555,PAUSE
507,0.000000,1.000000,0.014643,PAUSE
508,1.000000,1.000000,0.006582,PAUSE
509,0.000000,1.000000,0.003163,PAUSE
510,0.000000,1.000000,0.001705,PAUSE
511,0.000000,1.000000,0.001075,PAUSE
512,0.000000,0.000000,0.007806,PAUSE
513,0.000000,1.000000,0.005256,PAUSE
514,0.000000,1.000000,0.003116,PAUSE
515,1.000000,1.000000,0.001895,PAUSE
516,1.000000,1.000000,0.001254,PAUSE
517,0.000000,0.000000,0.008985,PAUSE
518,1.000000,1.000000,0.005914,PAUSE
519,0.000000,0.000000,0.023773,PAUSE
520,0.000000,0.000000,0.090718,PAUSE
521,1.000000,1.000000,0.045285,PAUSE
522,1.000000,1.000000,0.020518,PAUSE
523,1.000000,1.000000,0.009296,PAUSE
524,1.000000,1.000000,0.004395,PAUSE
525,0.000000,0.000000,0.011981,PAUSE
526,0.000000,0.000000,0.056912,PAUSE
527,0.000000,1.000000,0.029660,PAUSE
528,1.000000,1.000000,0.013913,PAUSE
529,1.000000,1.000000,0.006554,PAUSE
530,0.000000,1.000000,0.003261,PAUSE
531,1.000000,1.000000,0.001796,PAUSE
532,1.000000,1.000000,0.001139,PAUSE
533,0.000000,0.000000,0.008134,PAUSE
534,0.000000,0.000000,0.047151,PAUSE
535,0.000000,0.000000,0.143807,PAUSE
536,0.000000,1.000000,0.069175,PAUSE
537,0.000000,0.000000,0.084048,PAUSE
538,0.000000,1.000000,0.040848,PAUSE
539,1.000000,1.000000,0.018447,PAUSE
540,1.000000,1.000000,0.008385,PAUSE
541,0.000000,1.000000,0.004000,PAUSE
542,0.000000,1.000000,0.002095,PAUSE
543,0.000000,0.000000,0.009308,PAUSE
544,1.000000,1.000000,0.006041,PAUSE
545,0.000000,1.000000,0.003482,PAUSE
546,1.000000,1.000000,0.002061,PAUSE
547,1.000000,1.000000,0.001329,PAUSE
548,0.000000,1.000000,0.000959,PAUSE
549,0.000000,1.000000,0.000769,PAUSE
550,0.000000,1.000000,0.000671,PAUSE
551,0.000000,1.000000,0.000619,PAUSE
552,1.000000,1.000000,0.000590,PAUSE
553,1.000000,1.000000,0.000575,PAUSE
554,1.000000,1.000000,0.000566,PAUSE
555,0.000000,1.000000,0.000560,PAUSE
556,0.000000,0.000000,0.006918,PAUSE
557,1.000000,1.000000,0.004780,PAUSE
558,1.000000,1.000000,0.002891,PAUSE
559,0.000000,0.000000,0.013910,PAUSE
560,0.000000,0.000000,0.065082,PAUSE
561,1.000000,1.000000,0.033500,PAUSE
562,0.000000,0.000000,0.056568,PAUSE
563,1.000000,1.000000,0.028786,PAUSE
564,0.000000,1.000000,0.013429,PAUSE
565,1.000000,1.000000,0.006321,PAUSE
566,0.000000,1.000000,0.003152,PAUSE
567,0.000000,0.000000,0.010993,PAUSE
568,0.000000,0.000000,0.055003,PAUSE
569,1.000000,1.000000,0.028776,PAUSE
570,1.000000,1.000000,0.013538,PAUSE
571,0.000000,0.000000,0.025158,PAUSE
572,0.000000,1.000000,0.013915,PAUSE
573,0.000000,0.000000,0.034582,PAUSE
574,0.000000,0.000000,0.111296,PAUSE
575,0.000000,0.000000,0.246153,PAUSE
576,1.000000,1.000000,0.113989,PAUSE
577,0.000000,0.000000,0.112573,PAUSE
578,0.000000,1.000000,0.053045,PAUSE
579,0.000000,0.000000,0.066260,PAUSE
580,0.000000,0.000000,0.153396,PAUSE
581,0.000000,0.000000,0.297580,PAUSE
582,0.000000,0.000000,0.462000,PAUSE
583,1.000000,1.000000,0.206156,PAUSE
584,0.000000,1.000000,0.086500,PAUSE
585,1.000000,1.000000,0.036086,PAUSE
586,0.000000,0.000000,0.030821,PAUSE
587,0.000000,0.000000,0.081503,PAUSE
588,1.000000,1.000000,0.040774,PAUSE
589,1.000000,1.000000,0.018578,PAUSE
590,0.000000,1.000000,0.008483,PAUSE
591,1.000000,1.000000,0.004056,PAUSE
592,1.000000,1.000000,0.002125,PAUSE
593,0.000000,1.000000,0.001276,PAUSE
594,0.000000,1.000000,0.000896,PAUSE
595,0.000000,0.000000,0.007649,PAUSE
596,1.000000,1.000000,0.005178,PAUSE
597,0.000000,0.000000,0.022343,PAUSE
598,0.000000,0.000000,0.087532,PAUSE
599,0.000000,1.000000,0.043836,PAUSE
600,0.000000,0.000000,0.065246,PAUSE
601,0.000000,1.000000,0.032638,PAUSE
602,0.000000,1.000000,0.015040,PAUSE
603,0.000000,0.000000,0.025509,PAUSE
604,0.000000,0.000000,0.086974,PAUSE
605,0.000000,0.000000,0.209523,PAUSE
606,1.000000,1.000000,0.098059,PAUSE
607,0.000000,1.000000,0.042391,PAUSE
